"success","timeout","failed_images","failed_audio","failed_video","trial_type","trial_index","time_elapsed","internal_node_id","subject_id","study_id","session_id","task","rt","stimulus","response","item","answer","correct","spm_correct","spm_rt","view_history","fiar_detect_rt","fiar_detect_correct","total_correct_fiar_detect","post_trial_gap","choices","mouse_click","stim_duration","block_duration","timing_post_trial","current_position","tol_num_moves_made","tol_target","tol_problem_id","tol_rt","key_press","possible_responses","tol_correct","preplanning","tol_rt_per_trial","tol_min_moves"
"true","false","[]","[]","[]","preload","0","24683","0.0-0.0","60d9faa609c8dcb9e5e05481","F1","batch6","","","","","","","","","","","","","","","","","","","","","","","","","","","","","",""
"true","","","","","fullscreen","1","440095","0.0-1.0-0.0","60d9faa609c8dcb9e5e05481","F1","batch6","","","","","","","","","","","","","","","","","","","","","","","","","","","","","",""
"true","","","","","fullscreen","2","449366","0.0-2.0-0.0","60d9faa609c8dcb9e5e05481","F1","batch6","spm_fullscreen","","","","","","","","","","","","","","","","","","","","","","","","","","","","",""
"","","","","","html-button-response","3","469700","0.0-2.0-1.0","60d9faa609c8dcb9e5e05481","F1","batch6","","20331.200000047684","<p class = block-text><b>Instructions</b> <br>This is a widely used intelligence test in research. <br>In this test, a figure with a missing piece will be presented.<br>Below the figure are alternative pieces to complete the figure, only one of which is correct.<br> Different figures might involve different principles for obtaining the missing piece<br>Your job is to select the most logical piece to complete the figure.</p>","0","","","","","","","","","","","","","","","","","","","","","","","","","",""
"","","","","","html-keyboard-response","4","470503","0.0-2.0-2.0-0.0","60d9faa609c8dcb9e5e05481","F1","batch6","spm_show_trial_num","null","<p class=block-text>Trial 1 out of 60</p>","null","","","","","","","","","","","","","","","","","","","","","","","","","",""
"","","","","","image-button-response","5","479284","0.0-2.0-2.0-1.0","60d9faa609c8dcb9e5e05481","F1","batch6","spm_respsonse","8772.799999952316","img/question_1_1.jpeg","3","mat_01","4","1","1","8772.799999952316","","","","","","","","","","","","","","","","","","","","",""
"","","","","","html-keyboard-response","6","480342","0.0-2.0-2.0-0.1","60d9faa609c8dcb9e5e05481","F1","batch6","spm_show_trial_num","null","<p class=block-text>Trial 2 out of 60</p>","null","","","","","","","","","","","","","","","","","","","","","","","","","",""
"","","","","","image-button-response","7","485126","0.0-2.0-2.0-1.1","60d9faa609c8dcb9e5e05481","F1","batch6","spm_respsonse","4780.299999952316","img/question_1_2.jpeg","4","mat_02","5","1","1","4780.299999952316","","","","","","","","","","","","","","","","","","","","",""
"","","","","","html-keyboard-response","8","486195","0.0-2.0-2.0-0.2","60d9faa609c8dcb9e5e05481","F1","batch6","spm_show_trial_num","null","<p class=block-text>Trial 3 out of 60</p>","null","","","","","","","","","","","","","","","","","","","","","","","","","",""
"","","","","","image-button-response","9","494020","0.0-2.0-2.0-1.2","60d9faa609c8dcb9e5e05481","F1","batch6","spm_respsonse","7820.5","img/question_1_3.jpeg","0","mat_03","1","1","1","7820.5","","","","","","","","","","","","","","","","","","","","",""
"","","","","","html-keyboard-response","10","495076","0.0-2.0-2.0-0.3","60d9faa609c8dcb9e5e05481","F1","batch6","spm_show_trial_num","null","<p class=block-text>Trial 4 out of 60</p>","null","","","","","","","","","","","","","","","","","","","","","","","","","",""
"","","","","","image-button-response","11","503852","0.0-2.0-2.0-1.3","60d9faa609c8dcb9e5e05481","F1","batch6","spm_respsonse","8772.100000023842","img/question_1_4.jpeg","1","mat_04","2","1","1","8772.100000023842","","","","","","","","","","","","","","","","","","","","",""
"","","","","","html-keyboard-response","12","504909","0.0-2.0-2.0-0.4","60d9faa609c8dcb9e5e05481","F1","batch6","spm_show_trial_num","null","<p class=block-text>Trial 5 out of 60</p>","null","","","","","","","","","","","","","","","","","","","","","","","","","",""
"","","","","","image-button-response","13","513672","0.0-2.0-2.0-1.4","60d9faa609c8dcb9e5e05481","F1","batch6","spm_respsonse","8759.299999952316","img/question_1_5.jpeg","5","mat_05","6","1","1","8759.299999952316","","","","","","","","","","","","","","","","","","","","",""
"","","","","","html-keyboard-response","14","514734","0.0-2.0-2.0-0.5","60d9faa609c8dcb9e5e05481","F1","batch6","spm_show_trial_num","null","<p class=block-text>Trial 6 out of 60</p>","null","","","","","","","","","","","","","","","","","","","","","","","","","",""
"","","","","","image-button-response","15","518564","0.0-2.0-2.0-1.5","60d9faa609c8dcb9e5e05481","F1","batch6","spm_respsonse","3826.2000000476837","img/question_1_6.jpeg","2","mat_06","3","1","1","3826.2000000476837","","","","","","","","","","","","","","","","","","","","",""
"","","","","","html-keyboard-response","16","519624","0.0-2.0-2.0-0.6","60d9faa609c8dcb9e5e05481","F1","batch6","spm_show_trial_num","null","<p class=block-text>Trial 7 out of 60</p>","null","","","","","","","","","","","","","","","","","","","","","","","","","",""
"","","","","","image-button-response","17","530878","0.0-2.0-2.0-1.6","60d9faa609c8dcb9e5e05481","F1","batch6","spm_respsonse","11250.899999976158","img/question_1_7.jpeg","5","mat_07","6","1","1","11250.899999976158","","","","","","","","","","","","","","","","","","","","",""
"","","","","","html-keyboard-response","18","531944","0.0-2.0-2.0-0.7","60d9faa609c8dcb9e5e05481","F1","batch6","spm_show_trial_num","null","<p class=block-text>Trial 8 out of 60</p>","null","","","","","","","","","","","","","","","","","","","","","","","","","",""
"","","","","","image-button-response","19","543765","0.0-2.0-2.0-1.7","60d9faa609c8dcb9e5e05481","F1","batch6","spm_respsonse","11815.5","img/question_1_8.jpeg","1","mat_08","2","1","1","11815.5","","","","","","","","","","","","","","","","","","","","",""
"","","","","","html-keyboard-response","20","544830","0.0-2.0-2.0-0.8","60d9faa609c8dcb9e5e05481","F1","batch6","spm_show_trial_num","null","<p class=block-text>Trial 9 out of 60</p>","null","","","","","","","","","","","","","","","","","","","","","","","","","",""
"","","","","","image-button-response","21","550805","0.0-2.0-2.0-1.8","60d9faa609c8dcb9e5e05481","F1","batch6","spm_respsonse","5970.5","img/question_1_9.jpeg","0","mat_09","1","1","1","5970.5","","","","","","","","","","","","","","","","","","","","",""
"","","","","","html-keyboard-response","22","551864","0.0-2.0-2.0-0.9","60d9faa609c8dcb9e5e05481","F1","batch6","spm_show_trial_num","null","<p class=block-text>Trial 10 out of 60</p>","null","","","","","","","","","","","","","","","","","","","","","","","","","",""
"","","","","","image-button-response","23","564371","0.0-2.0-2.0-1.9","60d9faa609c8dcb9e5e05481","F1","batch6","spm_respsonse","12503.100000023842","img/question_1_10.jpeg","2","mat_10","3","1","1","12503.100000023842","","","","","","","","","","","","","","","","","","","","",""
"","","","","","html-keyboard-response","24","565426","0.0-2.0-2.0-0.10","60d9faa609c8dcb9e5e05481","F1","batch6","spm_show_trial_num","null","<p class=block-text>Trial 11 out of 60</p>","null","","","","","","","","","","","","","","","","","","","","","","","","","",""
"","","","","","image-button-response","25","584289","0.0-2.0-2.0-1.10","60d9faa609c8dcb9e5e05481","F1","batch6","spm_respsonse","18858.600000023842","img/question_1_11.jpeg","4","mat_11","4","0","0","18858.600000023842","","","","","","","","","","","","","","","","","","","","",""
"","","","","","html-keyboard-response","26","585341","0.0-2.0-2.0-0.11","60d9faa609c8dcb9e5e05481","F1","batch6","spm_show_trial_num","null","<p class=block-text>Trial 12 out of 60</p>","null","","","","","","","","","","","","","","","","","","","","","","","","","",""
"","","","","","image-button-response","27","600115","0.0-2.0-2.0-1.11","60d9faa609c8dcb9e5e05481","F1","batch6","spm_respsonse","14770.300000071526","img/question_1_12.jpeg","0","mat_12","5","0","0","14770.300000071526","","","","","","","","","","","","","","","","","","","","",""
"","","","","","html-keyboard-response","28","601174","0.0-2.0-2.0-0.12","60d9faa609c8dcb9e5e05481","F1","batch6","spm_show_trial_num","null","<p class=block-text>Trial 13 out of 60</p>","null","","","","","","","","","","","","","","","","","","","","","","","","","",""
"","","","","","image-button-response","29","605498","0.0-2.0-2.0-1.12","60d9faa609c8dcb9e5e05481","F1","batch6","spm_respsonse","4320.199999928474","img/question_2_1.jpeg","1","mat_13","2","1","1","4320.199999928474","","","","","","","","","","","","","","","","","","","","",""
"","","","","","html-keyboard-response","30","606555","0.0-2.0-2.0-0.13","60d9faa609c8dcb9e5e05481","F1","batch6","spm_show_trial_num","null","<p class=block-text>Trial 14 out of 60</p>","null","","","","","","","","","","","","","","","","","","","","","","","","","",""
"","","","","","image-button-response","31","612428","0.0-2.0-2.0-1.13","60d9faa609c8dcb9e5e05481","F1","batch6","spm_respsonse","5869.899999976158","img/question_2_2.jpeg","5","mat_14","6","1","1","5869.899999976158","","","","","","","","","","","","","","","","","","","","",""
"","","","","","html-keyboard-response","32","613482","0.0-2.0-2.0-0.14","60d9faa609c8dcb9e5e05481","F1","batch6","spm_show_trial_num","null","<p class=block-text>Trial 15 out of 60</p>","null","","","","","","","","","","","","","","","","","","","","","","","","","",""
"","","","","","image-button-response","33","618178","0.0-2.0-2.0-1.14","60d9faa609c8dcb9e5e05481","F1","batch6","spm_respsonse","4692.800000071526","img/question_2_3.jpeg","0","mat_15","1","1","1","4692.800000071526","","","","","","","","","","","","","","","","","","","","",""
"","","","","","html-keyboard-response","34","619231","0.0-2.0-2.0-0.15","60d9faa609c8dcb9e5e05481","F1","batch6","spm_show_trial_num","null","<p class=block-text>Trial 16 out of 60</p>","null","","","","","","","","","","","","","","","","","","","","","","","","","",""
"","","","","","image-button-response","35","626248","0.0-2.0-2.0-1.15","60d9faa609c8dcb9e5e05481","F1","batch6","spm_respsonse","7013.800000071526","img/question_2_4.jpeg","1","mat_16","2","1","1","7013.800000071526","","","","","","","","","","","","","","","","","","","","",""
"","","","","","html-keyboard-response","36","627308","0.0-2.0-2.0-0.16","60d9faa609c8dcb9e5e05481","F1","batch6","spm_show_trial_num","null","<p class=block-text>Trial 17 out of 60</p>","null","","","","","","","","","","","","","","","","","","","","","","","","","",""
"","","","","","image-button-response","37","635794","0.0-2.0-2.0-1.16","60d9faa609c8dcb9e5e05481","F1","batch6","spm_respsonse","8482.399999976158","img/question_2_5.jpeg","0","mat_17","1","1","1","8482.399999976158","","","","","","","","","","","","","","","","","","","","",""
"","","","","","html-keyboard-response","38","636861","0.0-2.0-2.0-0.17","60d9faa609c8dcb9e5e05481","F1","batch6","spm_show_trial_num","null","<p class=block-text>Trial 18 out of 60</p>","null","","","","","","","","","","","","","","","","","","","","","","","","","",""
"","","","","","image-button-response","39","648493","0.0-2.0-2.0-1.17","60d9faa609c8dcb9e5e05481","F1","batch6","spm_respsonse","11627.800000071526","img/question_2_6.jpeg","2","mat_18","3","1","1","11627.800000071526","","","","","","","","","","","","","","","","","","","","",""
"","","","","","html-keyboard-response","40","649565","0.0-2.0-2.0-0.18","60d9faa609c8dcb9e5e05481","F1","batch6","spm_show_trial_num","null","<p class=block-text>Trial 19 out of 60</p>","null","","","","","","","","","","","","","","","","","","","","","","","","","",""
"","","","","","image-button-response","41","658314","0.0-2.0-2.0-1.18","60d9faa609c8dcb9e5e05481","F1","batch6","spm_respsonse","8746.600000023842","img/question_2_7.jpeg","4","mat_19","5","1","1","8746.600000023842","","","","","","","","","","","","","","","","","","","","",""
"","","","","","html-keyboard-response","42","659370","0.0-2.0-2.0-0.19","60d9faa609c8dcb9e5e05481","F1","batch6","spm_show_trial_num","null","<p class=block-text>Trial 20 out of 60</p>","null","","","","","","","","","","","","","","","","","","","","","","","","","",""
"","","","","","image-button-response","43","669273","0.0-2.0-2.0-1.19","60d9faa609c8dcb9e5e05481","F1","batch6","spm_respsonse","9898.5","img/question_2_8.jpeg","5","mat_20","6","1","1","9898.5","","","","","","","","","","","","","","","","","","","","",""
"","","","","","html-keyboard-response","44","670332","0.0-2.0-2.0-0.20","60d9faa609c8dcb9e5e05481","F1","batch6","spm_show_trial_num","null","<p class=block-text>Trial 21 out of 60</p>","null","","","","","","","","","","","","","","","","","","","","","","","","","",""
"","","","","","image-button-response","45","676339","0.0-2.0-2.0-1.20","60d9faa609c8dcb9e5e05481","F1","batch6","spm_respsonse","6002.300000071526","img/question_2_9.jpeg","3","mat_21","4","1","1","6002.300000071526","","","","","","","","","","","","","","","","","","","","",""
"","","","","","html-keyboard-response","46","677396","0.0-2.0-2.0-0.21","60d9faa609c8dcb9e5e05481","F1","batch6","spm_show_trial_num","null","<p class=block-text>Trial 22 out of 60</p>","null","","","","","","","","","","","","","","","","","","","","","","","","","",""
"","","","","","image-button-response","47","686683","0.0-2.0-2.0-1.21","60d9faa609c8dcb9e5e05481","F1","batch6","spm_respsonse","9283.200000047684","img/question_2_10.jpeg","2","mat_22","3","1","1","9283.200000047684","","","","","","","","","","","","","","","","","","","","",""
"","","","","","html-keyboard-response","48","687736","0.0-2.0-2.0-0.22","60d9faa609c8dcb9e5e05481","F1","batch6","spm_show_trial_num","null","<p class=block-text>Trial 23 out of 60</p>","null","","","","","","","","","","","","","","","","","","","","","","","","","",""
"","","","","","image-button-response","49","692569","0.0-2.0-2.0-1.22","60d9faa609c8dcb9e5e05481","F1","batch6","spm_respsonse","4827.899999976158","img/question_2_11.jpeg","3","mat_23","4","1","1","4827.899999976158","","","","","","","","","","","","","","","","","","","","",""
"","","","","","html-keyboard-response","50","693629","0.0-2.0-2.0-0.23","60d9faa609c8dcb9e5e05481","F1","batch6","spm_show_trial_num","null","<p class=block-text>Trial 24 out of 60</p>","null","","","","","","","","","","","","","","","","","","","","","","","","","",""
"","","","","","image-button-response","51","702910","0.0-2.0-2.0-1.23","60d9faa609c8dcb9e5e05481","F1","batch6","spm_respsonse","9277.299999952316","img/question_2_12.jpeg","1","mat_24","5","0","0","9277.299999952316","","","","","","","","","","","","","","","","","","","","",""
"","","","","","html-button-response","52","707451","0.0-2.0-3.0","60d9faa609c8dcb9e5e05481","F1","batch6","attention_check","4287.600000023842","<p class = block-text>Attention check: Please choose 1<br></p>","0","","","true","","","","","","","","","","","","","","","","","","","","","","",""
"","","","","","html-keyboard-response","53","708252","0.0-2.0-4.0-0.0","60d9faa609c8dcb9e5e05481","F1","batch6","spm_show_trial_num","null","<p class=block-text>Trial 25 out of 60</p>","null","","","","","","","","","","","","","","","","","","","","","","","","","",""
"","","","","","image-button-response","54","717517","0.0-2.0-4.0-1.0","60d9faa609c8dcb9e5e05481","F1","batch6","spm_respsonse","9260.399999976158","img/question_3_1.jpeg","7","mat_25","8","1","1","9260.399999976158","","","","","","","","","","","","","","","","","","","","",""
"","","","","","html-keyboard-response","55","718586","0.0-2.0-4.0-0.1","60d9faa609c8dcb9e5e05481","F1","batch6","spm_show_trial_num","null","<p class=block-text>Trial 26 out of 60</p>","null","","","","","","","","","","","","","","","","","","","","","","","","","",""
"","","","","","image-button-response","56","766093","0.0-2.0-4.0-1.1","60d9faa609c8dcb9e5e05481","F1","batch6","spm_respsonse","47502.39999997616","img/question_3_2.jpeg","1","mat_26","2","1","1","47502.39999997616","","","","","","","","","","","","","","","","","","","","",""
"","","","","","html-keyboard-response","57","767156","0.0-2.0-4.0-0.2","60d9faa609c8dcb9e5e05481","F1","batch6","spm_show_trial_num","null","<p class=block-text>Trial 27 out of 60</p>","null","","","","","","","","","","","","","","","","","","","","","","","","","",""
"","","","","","image-button-response","58","778393","0.0-2.0-4.0-1.2","60d9faa609c8dcb9e5e05481","F1","batch6","spm_respsonse","11232.600000023842","img/question_3_3.jpeg","2","mat_27","3","1","1","11232.600000023842","","","","","","","","","","","","","","","","","","","","",""
"","","","","","html-keyboard-response","59","779445","0.0-2.0-4.0-0.3","60d9faa609c8dcb9e5e05481","F1","batch6","spm_show_trial_num","null","<p class=block-text>Trial 28 out of 60</p>","null","","","","","","","","","","","","","","","","","","","","","","","","","",""
"","","","","","image-button-response","60","817093","0.0-2.0-4.0-1.3","60d9faa609c8dcb9e5e05481","F1","batch6","spm_respsonse","37643.299999952316","img/question_3_4.jpeg","7","mat_28","8","1","1","37643.299999952316","","","","","","","","","","","","","","","","","","","","",""
"","","","","","html-keyboard-response","61","818158","0.0-2.0-4.0-0.4","60d9faa609c8dcb9e5e05481","F1","batch6","spm_show_trial_num","null","<p class=block-text>Trial 29 out of 60</p>","null","","","","","","","","","","","","","","","","","","","","","","","","","",""
"","","","","","image-button-response","62","832371","0.0-2.0-4.0-1.4","60d9faa609c8dcb9e5e05481","F1","batch6","spm_respsonse","14208.200000047684","img/question_3_5.jpeg","6","mat_29","7","1","1","14208.200000047684","","","","","","","","","","","","","","","","","","","","",""
"","","","","","html-keyboard-response","63","833430","0.0-2.0-4.0-0.5","60d9faa609c8dcb9e5e05481","F1","batch6","spm_show_trial_num","null","<p class=block-text>Trial 30 out of 60</p>","null","","","","","","","","","","","","","","","","","","","","","","","","","",""
"","","","","","image-button-response","64","851599","0.0-2.0-4.0-1.5","60d9faa609c8dcb9e5e05481","F1","batch6","spm_respsonse","18164.200000047684","img/question_3_6.jpeg","3","mat_30","4","1","1","18164.200000047684","","","","","","","","","","","","","","","","","","","","",""
"","","","","","html-keyboard-response","65","852657","0.0-2.0-4.0-0.6","60d9faa609c8dcb9e5e05481","F1","batch6","spm_show_trial_num","null","<p class=block-text>Trial 31 out of 60</p>","null","","","","","","","","","","","","","","","","","","","","","","","","","",""
"","","","","","image-button-response","66","876384","0.0-2.0-4.0-1.6","60d9faa609c8dcb9e5e05481","F1","batch6","spm_respsonse","23725.100000023842","img/question_3_7.jpeg","4","mat_31","5","1","1","23725.100000023842","","","","","","","","","","","","","","","","","","","","",""
"","","","","","html-keyboard-response","67","877437","0.0-2.0-4.0-0.7","60d9faa609c8dcb9e5e05481","F1","batch6","spm_show_trial_num","null","<p class=block-text>Trial 32 out of 60</p>","null","","","","","","","","","","","","","","","","","","","","","","","","","",""
"","","","","","image-button-response","68","940741","0.0-2.0-4.0-1.7","60d9faa609c8dcb9e5e05481","F1","batch6","spm_respsonse","63299.39999997616","img/question_3_8.jpeg","0","mat_32","1","1","1","63299.39999997616","","","","","","","","","","","","","","","","","","","","",""
"","","","","","html-keyboard-response","69","941804","0.0-2.0-4.0-0.8","60d9faa609c8dcb9e5e05481","F1","batch6","spm_show_trial_num","null","<p class=block-text>Trial 33 out of 60</p>","null","","","","","","","","","","","","","","","","","","","","","","","","","",""
"","","","","","image-button-response","70","952205","0.0-2.0-4.0-1.8","60d9faa609c8dcb9e5e05481","F1","batch6","spm_respsonse","10398.800000071526","img/question_3_9.jpeg","6","mat_33","7","1","1","10398.800000071526","","","","","","","","","","","","","","","","","","","","",""
"","","","","","html-keyboard-response","71","953258","0.0-2.0-4.0-0.9","60d9faa609c8dcb9e5e05481","F1","batch6","spm_show_trial_num","null","<p class=block-text>Trial 34 out of 60</p>","null","","","","","","","","","","","","","","","","","","","","","","","","","",""
"","","","","","image-button-response","72","982641","0.0-2.0-4.0-1.9","60d9faa609c8dcb9e5e05481","F1","batch6","spm_respsonse","29379","img/question_3_10.jpeg","5","mat_34","6","1","1","29379","","","","","","","","","","","","","","","","","","","","",""
"","","","","","html-keyboard-response","73","983694","0.0-2.0-4.0-0.10","60d9faa609c8dcb9e5e05481","F1","batch6","spm_show_trial_num","null","<p class=block-text>Trial 35 out of 60</p>","null","","","","","","","","","","","","","","","","","","","","","","","","","",""
"","","","","","image-button-response","74","1060577","0.0-2.0-4.0-1.10","60d9faa609c8dcb9e5e05481","F1","batch6","spm_respsonse","76878.60000002384","img/question_3_11.jpeg","1","mat_35","1","0","0","76878.60000002384","","","","","","","","","","","","","","","","","","","","",""
"","","","","","html-keyboard-response","75","1061634","0.0-2.0-4.0-0.11","60d9faa609c8dcb9e5e05481","F1","batch6","spm_show_trial_num","null","<p class=block-text>Trial 36 out of 60</p>","null","","","","","","","","","","","","","","","","","","","","","","","","","",""
"","","","","","image-button-response","76","1097055","0.0-2.0-4.0-1.11","60d9faa609c8dcb9e5e05481","F1","batch6","spm_respsonse","35416.39999997616","img/question_3_12.jpeg","2","mat_36","2","0","0","35416.39999997616","","","","","","","","","","","","","","","","","","","","",""
"","","","","","html-keyboard-response","77","1098114","0.0-2.0-4.0-0.12","60d9faa609c8dcb9e5e05481","F1","batch6","spm_show_trial_num","null","<p class=block-text>Trial 37 out of 60</p>","null","","","","","","","","","","","","","","","","","","","","","","","","","",""
"","","","","","image-button-response","78","1103099","0.0-2.0-4.0-1.12","60d9faa609c8dcb9e5e05481","F1","batch6","spm_respsonse","4980.5","img/question_4_1.jpeg","2","mat_37","3","1","1","4980.5","","","","","","","","","","","","","","","","","","","","",""
"","","","","","html-keyboard-response","79","1104155","0.0-2.0-4.0-0.13","60d9faa609c8dcb9e5e05481","F1","batch6","spm_show_trial_num","null","<p class=block-text>Trial 38 out of 60</p>","null","","","","","","","","","","","","","","","","","","","","","","","","","",""
"","","","","","image-button-response","80","1109693","0.0-2.0-4.0-1.13","60d9faa609c8dcb9e5e05481","F1","batch6","spm_respsonse","5533.600000023842","img/question_4_2.jpeg","3","mat_38","4","1","1","5533.600000023842","","","","","","","","","","","","","","","","","","","","",""
"","","","","","html-keyboard-response","81","1110744","0.0-2.0-4.0-0.14","60d9faa609c8dcb9e5e05481","F1","batch6","spm_show_trial_num","null","<p class=block-text>Trial 39 out of 60</p>","null","","","","","","","","","","","","","","","","","","","","","","","","","",""
"","","","","","image-button-response","82","1122665","0.0-2.0-4.0-1.14","60d9faa609c8dcb9e5e05481","F1","batch6","spm_respsonse","11916.5","img/question_4_3.jpeg","2","mat_39","3","1","1","11916.5","","","","","","","","","","","","","","","","","","","","",""
"","","","","","html-keyboard-response","83","1123736","0.0-2.0-4.0-0.15","60d9faa609c8dcb9e5e05481","F1","batch6","spm_show_trial_num","null","<p class=block-text>Trial 40 out of 60</p>","null","","","","","","","","","","","","","","","","","","","","","","","","","",""
"","","","","","image-button-response","84","1151139","0.0-2.0-4.0-1.15","60d9faa609c8dcb9e5e05481","F1","batch6","spm_respsonse","27398.399999976158","img/question_4_4.jpeg","6","mat_40","7","1","1","27398.399999976158","","","","","","","","","","","","","","","","","","","","",""
"","","","","","html-keyboard-response","85","1152191","0.0-2.0-4.0-0.16","60d9faa609c8dcb9e5e05481","F1","batch6","spm_show_trial_num","null","<p class=block-text>Trial 41 out of 60</p>","null","","","","","","","","","","","","","","","","","","","","","","","","","",""
"","","","","","image-button-response","86","1167029","0.0-2.0-4.0-1.16","60d9faa609c8dcb9e5e05481","F1","batch6","spm_respsonse","14833.200000047684","img/question_4_5.jpeg","7","mat_41","8","1","1","14833.200000047684","","","","","","","","","","","","","","","","","","","","",""
"","","","","","html-keyboard-response","87","1168086","0.0-2.0-4.0-0.17","60d9faa609c8dcb9e5e05481","F1","batch6","spm_show_trial_num","null","<p class=block-text>Trial 42 out of 60</p>","null","","","","","","","","","","","","","","","","","","","","","","","","","",""
"","","","","","image-button-response","88","1194423","0.0-2.0-4.0-1.17","60d9faa609c8dcb9e5e05481","F1","batch6","spm_respsonse","26332.799999952316","img/question_4_6.jpeg","5","mat_42","6","1","1","26332.799999952316","","","","","","","","","","","","","","","","","","","","",""
"","","","","","html-keyboard-response","89","1195478","0.0-2.0-4.0-0.18","60d9faa609c8dcb9e5e05481","F1","batch6","spm_show_trial_num","null","<p class=block-text>Trial 43 out of 60</p>","null","","","","","","","","","","","","","","","","","","","","","","","","","",""
"","","","","","image-button-response","90","1225582","0.0-2.0-4.0-1.18","60d9faa609c8dcb9e5e05481","F1","batch6","spm_respsonse","30100.899999976158","img/question_4_7.jpeg","4","mat_43","5","1","1","30100.899999976158","","","","","","","","","","","","","","","","","","","","",""
"","","","","","html-keyboard-response","91","1226656","0.0-2.0-4.0-0.19","60d9faa609c8dcb9e5e05481","F1","batch6","spm_show_trial_num","null","<p class=block-text>Trial 44 out of 60</p>","null","","","","","","","","","","","","","","","","","","","","","","","","","",""
"","","","","","image-button-response","92","1245005","0.0-2.0-4.0-1.19","60d9faa609c8dcb9e5e05481","F1","batch6","spm_respsonse","18345","img/question_4_8.jpeg","3","mat_44","4","1","1","18345","","","","","","","","","","","","","","","","","","","","",""
"","","","","","html-keyboard-response","93","1246067","0.0-2.0-4.0-0.20","60d9faa609c8dcb9e5e05481","F1","batch6","spm_show_trial_num","null","<p class=block-text>Trial 45 out of 60</p>","null","","","","","","","","","","","","","","","","","","","","","","","","","",""
"","","","","","image-button-response","94","1293869","0.0-2.0-4.0-1.20","60d9faa609c8dcb9e5e05481","F1","batch6","spm_respsonse","47797.89999997616","img/question_4_9.jpeg","0","mat_45","1","1","1","47797.89999997616","","","","","","","","","","","","","","","","","","","","",""
"","","","","","html-keyboard-response","95","1294922","0.0-2.0-4.0-0.21","60d9faa609c8dcb9e5e05481","F1","batch6","spm_show_trial_num","null","<p class=block-text>Trial 46 out of 60</p>","null","","","","","","","","","","","","","","","","","","","","","","","","","",""
"","","","","","image-button-response","96","1322505","0.0-2.0-4.0-1.21","60d9faa609c8dcb9e5e05481","F1","batch6","spm_respsonse","27578.5","img/question_4_10.jpeg","4","mat_46","2","0","0","27578.5","","","","","","","","","","","","","","","","","","","","",""
"","","","","","html-keyboard-response","97","1323569","0.0-2.0-4.0-0.22","60d9faa609c8dcb9e5e05481","F1","batch6","spm_show_trial_num","null","<p class=block-text>Trial 47 out of 60</p>","null","","","","","","","","","","","","","","","","","","","","","","","","","",""
"","","","","","image-button-response","98","1374939","0.0-2.0-4.0-1.22","60d9faa609c8dcb9e5e05481","F1","batch6","spm_respsonse","51366.5","img/question_4_11.jpeg","4","mat_47","5","1","1","51366.5","","","","","","","","","","","","","","","","","","","","",""
"","","","","","html-keyboard-response","99","1375996","0.0-2.0-4.0-0.23","60d9faa609c8dcb9e5e05481","F1","batch6","spm_show_trial_num","null","<p class=block-text>Trial 48 out of 60</p>","null","","","","","","","","","","","","","","","","","","","","","","","","","",""
"","","","","","image-button-response","100","1437451","0.0-2.0-4.0-1.23","60d9faa609c8dcb9e5e05481","F1","batch6","spm_respsonse","61450.09999990463","img/question_4_12.jpeg","6","mat_48","6","0","0","61450.09999990463","","","","","","","","","","","","","","","","","","","","",""
"","","","","","html-keyboard-response","101","1438505","0.0-2.0-4.0-0.24","60d9faa609c8dcb9e5e05481","F1","batch6","spm_show_trial_num","null","<p class=block-text>Trial 49 out of 60</p>","null","","","","","","","","","","","","","","","","","","","","","","","","","",""
"","","","","","image-button-response","102","1445031","0.0-2.0-4.0-1.24","60d9faa609c8dcb9e5e05481","F1","batch6","spm_respsonse","6522.699999928474","img/question_5_1.jpeg","0","mat_49","7","0","0","6522.699999928474","","","","","","","","","","","","","","","","","","","","",""
"","","","","","html-keyboard-response","103","1446086","0.0-2.0-4.0-0.25","60d9faa609c8dcb9e5e05481","F1","batch6","spm_show_trial_num","null","<p class=block-text>Trial 50 out of 60</p>","null","","","","","","","","","","","","","","","","","","","","","","","","","",""
"","","","","","image-button-response","104","1506911","0.0-2.0-4.0-1.25","60d9faa609c8dcb9e5e05481","F1","batch6","spm_respsonse","60820.39999997616","img/question_5_2.jpeg","2","mat_50","6","0","0","60820.39999997616","","","","","","","","","","","","","","","","","","","","",""
"","","","","","html-keyboard-response","105","1507963","0.0-2.0-4.0-0.26","60d9faa609c8dcb9e5e05481","F1","batch6","spm_show_trial_num","null","<p class=block-text>Trial 51 out of 60</p>","null","","","","","","","","","","","","","","","","","","","","","","","","","",""
"","","","","","image-button-response","106","1609269","0.0-2.0-4.0-1.26","60d9faa609c8dcb9e5e05481","F1","batch6","spm_respsonse","101304","img/question_5_3.jpeg","7","mat_51","8","1","1","101304","","","","","","","","","","","","","","","","","","","","",""
"","","","","","html-keyboard-response","107","1610328","0.0-2.0-4.0-0.27","60d9faa609c8dcb9e5e05481","F1","batch6","spm_show_trial_num","null","<p class=block-text>Trial 52 out of 60</p>","null","","","","","","","","","","","","","","","","","","","","","","","","","",""
"","","","","","image-button-response","108","1640017","0.0-2.0-4.0-1.27","60d9faa609c8dcb9e5e05481","F1","batch6","spm_respsonse","29685.700000047684","img/question_5_4.jpeg","3","mat_52","2","0","0","29685.700000047684","","","","","","","","","","","","","","","","","","","","",""
"","","","","","html-keyboard-response","109","1641078","0.0-2.0-4.0-0.28","60d9faa609c8dcb9e5e05481","F1","batch6","spm_show_trial_num","null","<p class=block-text>Trial 53 out of 60</p>","null","","","","","","","","","","","","","","","","","","","","","","","","","",""
"","","","","","image-button-response","110","1661069","0.0-2.0-4.0-1.28","60d9faa609c8dcb9e5e05481","F1","batch6","spm_respsonse","19986.700000047684","img/question_5_5.jpeg","6","mat_53","1","0","0","19986.700000047684","","","","","","","","","","","","","","","","","","","","",""
"","","","","","html-keyboard-response","111","1662135","0.0-2.0-4.0-0.29","60d9faa609c8dcb9e5e05481","F1","batch6","spm_show_trial_num","null","<p class=block-text>Trial 54 out of 60</p>","null","","","","","","","","","","","","","","","","","","","","","","","","","",""
"","","","","","image-button-response","112","1752801","0.0-2.0-4.0-1.29","60d9faa609c8dcb9e5e05481","F1","batch6","spm_respsonse","90661.29999995232","img/question_5_6.jpeg","1","mat_54","5","0","0","90661.29999995232","","","","","","","","","","","","","","","","","","","","",""
"","","","","","html-keyboard-response","113","1753865","0.0-2.0-4.0-0.30","60d9faa609c8dcb9e5e05481","F1","batch6","spm_show_trial_num","null","<p class=block-text>Trial 55 out of 60</p>","null","","","","","","","","","","","","","","","","","","","","","","","","","",""
"","","","","","image-button-response","114","1828935","0.0-2.0-4.0-1.30","60d9faa609c8dcb9e5e05481","F1","batch6","spm_respsonse","75065.79999995232","img/question_5_7.jpeg","5","mat_55","1","0","0","75065.79999995232","","","","","","","","","","","","","","","","","","","","",""
"","","","","","html-keyboard-response","115","1830006","0.0-2.0-4.0-0.31","60d9faa609c8dcb9e5e05481","F1","batch6","spm_show_trial_num","null","<p class=block-text>Trial 56 out of 60</p>","null","","","","","","","","","","","","","","","","","","","","","","","","","",""
"","","","","","image-button-response","116","1861571","0.0-2.0-4.0-1.31","60d9faa609c8dcb9e5e05481","F1","batch6","spm_respsonse","31560.799999952316","img/question_5_8.jpeg","5","mat_56","6","1","1","31560.799999952316","","","","","","","","","","","","","","","","","","","","",""
"","","","","","html-keyboard-response","117","1862632","0.0-2.0-4.0-0.32","60d9faa609c8dcb9e5e05481","F1","batch6","spm_show_trial_num","null","<p class=block-text>Trial 57 out of 60</p>","null","","","","","","","","","","","","","","","","","","","","","","","","","",""
"","","","","","image-button-response","118","1892457","0.0-2.0-4.0-1.32","60d9faa609c8dcb9e5e05481","F1","batch6","spm_respsonse","29820.600000023842","img/question_5_9.jpeg","3","mat_57","3","0","0","29820.600000023842","","","","","","","","","","","","","","","","","","","","",""
"","","","","","html-keyboard-response","119","1893509","0.0-2.0-4.0-0.33","60d9faa609c8dcb9e5e05481","F1","batch6","spm_show_trial_num","null","<p class=block-text>Trial 58 out of 60</p>","null","","","","","","","","","","","","","","","","","","","","","","","","","",""
"","","","","","image-button-response","120","1916135","0.0-2.0-4.0-1.33","60d9faa609c8dcb9e5e05481","F1","batch6","spm_respsonse","22621.700000047684","img/question_5_10.jpeg","6","mat_58","2","0","0","22621.700000047684","","","","","","","","","","","","","","","","","","","","",""
"","","","","","html-keyboard-response","121","1917187","0.0-2.0-4.0-0.34","60d9faa609c8dcb9e5e05481","F1","batch6","spm_show_trial_num","null","<p class=block-text>Trial 59 out of 60</p>","null","","","","","","","","","","","","","","","","","","","","","","","","","",""
"","","","","","image-button-response","122","1951387","0.0-2.0-4.0-1.34","60d9faa609c8dcb9e5e05481","F1","batch6","spm_respsonse","34195.799999952316","img/question_5_11.jpeg","4","mat_59","4","0","0","34195.799999952316","","","","","","","","","","","","","","","","","","","","",""
"","","","","","html-keyboard-response","123","1952446","0.0-2.0-4.0-0.35","60d9faa609c8dcb9e5e05481","F1","batch6","spm_show_trial_num","null","<p class=block-text>Trial 60 out of 60</p>","null","","","","","","","","","","","","","","","","","","","","","","","","","",""
"","","","","","image-button-response","124","1977075","0.0-2.0-4.0-1.35","60d9faa609c8dcb9e5e05481","F1","batch6","spm_respsonse","24624.899999976158","img/question_5_12.jpeg","6","mat_60","5","0","0","24624.899999976158","","","","","","","","","","","","","","","","","","","","",""
"","","","","","html-button-response","125","1997913","0.0-2.0-5.0","60d9faa609c8dcb9e5e05481","F1","batch6","spm_goodbye","20585.899999976158","<p class= block-text>This concludes the Standard Progressive Matrix game. Thank you for your responses!<br> When you are ready, click the button continue</p>","0","","","","","","","","","","","","","","","","","","","","","","","","","",""
"true","","","","","fullscreen","126","2005710","0.0-3.0-0.0","60d9faa609c8dcb9e5e05481","F1","batch6","","","","","","","","","","","","","","","","","","","","","","","","","","","","","",""
"","","","","","instructions","127","2043007","0.0-3.0-1.0-0.0","60d9faa609c8dcb9e5e05481","F1","batch6","","37295.299999952316","","","","","","","","[{""page_index"":0,""viewing_time"":27057},{""page_index"":1,""viewing_time"":10238}]","","","","","","","","","","","","","","","","","","","",""
"","","","","","html-button-response","128","2046245","0.0-3.0-1.0-1.0-0.0","60d9faa609c8dcb9e5e05481","F1","batch6","pattern_enter_quiz","3237.600000023842","<p class=block-text> Let's answer a few questions <br>","0","","","","","","","","","","","","","","","","","","","","","","","","","",""
"","","","","","html-button-response","129","2052943","0.0-3.0-1.0-1.0-1.0","60d9faa609c8dcb9e5e05481","F1","batch6","pattern_quiz","6697.100000023842","<p class = block-text>True or False: You will have as much time as you want to make each choice. <br></p>","1","","","true","","","","","","","","","","","","","","","","","","","","","","",""
"","","","","","html-button-response","130","2055863","0.0-3.0-1.0-1.0-2.0","60d9faa609c8dcb9e5e05481","F1","batch6","pattern_quiz_feedback","2918.7000000476837","<p class = block-text>Correct! You should make your choice <strong> as fast as you can</strong>.</p>","0","","","","","","","","","","","","","","","","","","","","","","","","","",""
"","","","","","html-button-response","131","2061633","0.0-3.0-1.0-1.0-3.0","60d9faa609c8dcb9e5e05481","F1","batch6","pattern_quiz","5769.399999976158","<p class = block-text>True or False: You will look for 4 pieces in black or white color connected in a row either horizontally, vertically or diagonally. <br></p>","0","","","true","","","","","","","","","","","","","","","","","","","","","","",""
"","","","","","html-button-response","132","2063953","0.0-3.0-1.0-1.0-4.0","60d9faa609c8dcb9e5e05481","F1","batch6","pattern_quiz_feedback","2319.3000000715256","<p class = block-text>Correct! </p>","0","","","","","","","","","","","","","","","","","","","","","","","","","",""
"","","","","","html-button-response","133","2068163","0.0-3.0-2.0","60d9faa609c8dcb9e5e05481","F1","batch6","pattern_enter_practice","4208.5","<p class=block-text> Now that you've understood the game, let's do a few practice trials before we start!<br> <br>","0","","","","","","","","","","","","","","","","","","","","","","","","","",""
"","","","","","image-keyboard-response","134","2071012","0.0-3.0-3.0-0.0","60d9faa609c8dcb9e5e05481","F1","batch6","pattern_practice","2846.1999999284744","stim/prac_no_16_1.png","j","","j","true","","","","","","","","","","","","","","","","","","","","","","",""
"","","","","","html-keyboard-response","135","2072030","0.0-3.0-3.0-1.0","60d9faa609c8dcb9e5e05481","F1","batch6","pattern_feedback","null","<p style=""font-size:30px;color:green;"">Correct!</p>","null","","","","","","","","","","","","","","","","","","","","","","","","","",""
"","","","","","image-keyboard-response","136","2073122","0.0-3.0-3.0-0.1","60d9faa609c8dcb9e5e05481","F1","batch6","pattern_practice","1089.1999999284744","stim/prac_no_18_1.png","j","","j","true","","","","","","","","","","","","","","","","","","","","","","",""
"","","","","","html-keyboard-response","137","2074134","0.0-3.0-3.0-1.1","60d9faa609c8dcb9e5e05481","F1","batch6","pattern_feedback","null","<p style=""font-size:30px;color:green;"">Correct!</p>","null","","","","","","","","","","","","","","","","","","","","","","","","","",""
"","","","","","image-keyboard-response","138","2075140","0.0-3.0-3.0-0.2","60d9faa609c8dcb9e5e05481","F1","batch6","pattern_practice","1002.7999999523163","stim/prac_yes_16_ver_w1.png","f","","f","true","","","","","","","","","","","","","","","","","","","","","","",""
"","","","","","html-keyboard-response","139","2076148","0.0-3.0-3.0-1.2","60d9faa609c8dcb9e5e05481","F1","batch6","pattern_feedback","null","<p style=""font-size:30px;color:green;"">Correct!</p>","null","","","","","","","","","","","","","","","","","","","","","","","","","",""
"","","","","","image-keyboard-response","140","2077152","0.0-3.0-3.0-0.3","60d9faa609c8dcb9e5e05481","F1","batch6","pattern_practice","1000.9000000953674","stim/prac_yes_20_dia_b1.png","f","","f","true","","","","","","","","","","","","","","","","","","","","","","",""
"","","","","","html-keyboard-response","141","2078170","0.0-3.0-3.0-1.3","60d9faa609c8dcb9e5e05481","F1","batch6","pattern_feedback","null","<p style=""font-size:30px;color:green;"">Correct!</p>","null","","","","","","","","","","","","","","","","","","","","","","","","","",""
"","","","","","image-keyboard-response","142","2079063","0.0-3.0-3.0-0.4","60d9faa609c8dcb9e5e05481","F1","batch6","pattern_practice","889.5","stim/prac_yes_18_hor_w1.png","f","","f","true","","","","","","","","","","","","","","","","","","","","","","",""
"","","","","","html-keyboard-response","143","2080080","0.0-3.0-3.0-1.4","60d9faa609c8dcb9e5e05481","F1","batch6","pattern_feedback","null","<p style=""font-size:30px;color:green;"">Correct!</p>","null","","","","","","","","","","","","","","","","","","","","","","","","","",""
"","","","","","html-button-response","144","2089411","0.0-3.0-4.0","60d9faa609c8dcb9e5e05481","F1","batch6","pattern_enter_official_trials","9329","<p class=block-text> Good job! You are done with practice trials!<br>
        You responded correctly on 100% of the trials.<br>
        Press the button below to start official trials. Now you won't see any feedback about your response</p>","0","","","","","","","","","","","","","","","","","","","","","","","","","",""
"","","","","","html-keyboard-response","145","2090213","0.0-3.0-5.0-0.0","60d9faa609c8dcb9e5e05481","F1","batch6","pattern_show_trial_num","null","<p class=block-text>Trial 1 out of 78</p>","null","","","","","","","","","","","","","","","","","","","","","","","","","",""
"","","","","","image-keyboard-response","146","2091100","0.0-3.0-5.0-1.0","60d9faa609c8dcb9e5e05481","F1","batch6","pattern_response","882.5999999046326","stim/yes_44_ver_w1_w.png","f","pattern_66","f","true","","","","882.5999999046326","true","1","","","","","","","","","","","","","","","","",""
"","","","","","html-keyboard-response","147","2092410","0.0-3.0-5.0-0.1","60d9faa609c8dcb9e5e05481","F1","batch6","pattern_show_trial_num","null","<p class=block-text>Trial 2 out of 78</p>","null","","","","","","","","","","","","","","","","","","","","","","","","","",""
"","","","","","image-keyboard-response","148","2095100","0.0-3.0-5.0-1.1","60d9faa609c8dcb9e5e05481","F1","batch6","pattern_response","2687.1999999284744","stim/no_53_1_b.png","f","pattern_33","j","false","","","","2687.1999999284744","false","1","","","","","","","","","","","","","","","","",""
"","","","","","html-keyboard-response","149","2096416","0.0-3.0-5.0-0.2","60d9faa609c8dcb9e5e05481","F1","batch6","pattern_show_trial_num","null","<p class=block-text>Trial 3 out of 78</p>","null","","","","","","","","","","","","","","","","","","","","","","","","","",""
"","","","","","image-keyboard-response","150","2098000","0.0-3.0-5.0-1.2","60d9faa609c8dcb9e5e05481","F1","batch6","pattern_response","1579.5999999046326","stim/no_22_1_b.png","j","pattern_07","j","true","","","","1579.5999999046326","true","2","","","","","","","","","","","","","","","","",""
"","","","","","html-keyboard-response","151","2099315","0.0-3.0-5.0-0.3","60d9faa609c8dcb9e5e05481","F1","batch6","pattern_show_trial_num","null","<p class=block-text>Trial 4 out of 78</p>","null","","","","","","","","","","","","","","","","","","","","","","","","","",""
"","","","","","image-keyboard-response","152","2100775","0.0-3.0-5.0-1.3","60d9faa609c8dcb9e5e05481","F1","batch6","pattern_response","1457.1999999284744","stim/yes_23_ver_b1.png","j","pattern_48","f","false","","","","1457.1999999284744","false","2","","","","","","","","","","","","","","","","",""
"","","","","","html-keyboard-response","153","2102098","0.0-3.0-5.0-0.4","60d9faa609c8dcb9e5e05481","F1","batch6","pattern_show_trial_num","null","<p class=block-text>Trial 5 out of 78</p>","null","","","","","","","","","","","","","","","","","","","","","","","","","",""
"","","","","","image-keyboard-response","154","2103480","0.0-3.0-5.0-1.4","60d9faa609c8dcb9e5e05481","F1","batch6","pattern_response","1378","stim/no_33_1_b.png","f","pattern_15","j","false","","","","1378","false","2","","","","","","","","","","","","","","","","",""
"","","","","","html-keyboard-response","155","2104799","0.0-3.0-5.0-0.5","60d9faa609c8dcb9e5e05481","F1","batch6","pattern_show_trial_num","null","<p class=block-text>Trial 6 out of 78</p>","null","","","","","","","","","","","","","","","","","","","","","","","","","",""
"","","","","","image-keyboard-response","156","2108716","0.0-3.0-5.0-1.5","60d9faa609c8dcb9e5e05481","F1","batch6","pattern_response","3913.8000000715256","stim/yes_42_dia_w1_w.png","j","pattern_64","f","false","","","","3913.8000000715256","false","2","","","","","","","","","","","","","","","","",""
"","","","","","html-keyboard-response","157","2110033","0.0-3.0-5.0-0.6","60d9faa609c8dcb9e5e05481","F1","batch6","pattern_show_trial_num","null","<p class=block-text>Trial 7 out of 78</p>","null","","","","","","","","","","","","","","","","","","","","","","","","","",""
"","","","","","image-keyboard-response","158","2113562","0.0-3.0-5.0-1.6","60d9faa609c8dcb9e5e05481","F1","batch6","pattern_response","3527.6999999284744","stim/yes_39_hor_w1_w.png","j","pattern_62","f","false","","","","3527.6999999284744","false","2","","","","","","","","","","","","","","","","",""
"","","","","","html-keyboard-response","159","2114869","0.0-3.0-5.0-0.7","60d9faa609c8dcb9e5e05481","F1","batch6","pattern_show_trial_num","null","<p class=block-text>Trial 8 out of 78</p>","null","","","","","","","","","","","","","","","","","","","","","","","","","",""
"","","","","","image-keyboard-response","160","2121448","0.0-3.0-5.0-1.7","60d9faa609c8dcb9e5e05481","F1","batch6","pattern_response","6575.899999976158","stim/yes_49_hor_w1_b.png","f","pattern_70","f","true","","","","6575.899999976158","true","3","","","","","","","","","","","","","","","","",""
"","","","","","html-keyboard-response","161","2122777","0.0-3.0-5.0-0.8","60d9faa609c8dcb9e5e05481","F1","batch6","pattern_show_trial_num","null","<p class=block-text>Trial 9 out of 78</p>","null","","","","","","","","","","","","","","","","","","","","","","","","","",""
"","","","","","image-keyboard-response","162","2123876","0.0-3.0-5.0-1.8","60d9faa609c8dcb9e5e05481","F1","batch6","pattern_response","1095.5","stim/yes_17_ver_b1_b.png","f","pattern_46","f","true","","","","1095.5","true","4","","","","","","","","","","","","","","","","",""
"","","","","","html-keyboard-response","163","2125188","0.0-3.0-5.0-0.9","60d9faa609c8dcb9e5e05481","F1","batch6","pattern_show_trial_num","null","<p class=block-text>Trial 10 out of 78</p>","null","","","","","","","","","","","","","","","","","","","","","","","","","",""
"","","","","","image-keyboard-response","164","2125966","0.0-3.0-5.0-1.9","60d9faa609c8dcb9e5e05481","F1","batch6","pattern_response","775.7000000476837","stim/yes_15_dia_b1u_b.png","f","pattern_44","f","true","","","","775.7000000476837","true","5","","","","","","","","","","","","","","","","",""
"","","","","","html-keyboard-response","165","2127283","0.0-3.0-5.0-0.10","60d9faa609c8dcb9e5e05481","F1","batch6","pattern_show_trial_num","null","<p class=block-text>Trial 11 out of 78</p>","null","","","","","","","","","","","","","","","","","","","","","","","","","",""
"","","","","","image-keyboard-response","166","2128442","0.0-3.0-5.0-1.10","60d9faa609c8dcb9e5e05481","F1","batch6","pattern_response","1157.2000000476837","stim/no_12_1.png","j","pattern_01","j","true","","","","1157.2000000476837","true","6","","","","","","","","","","","","","","","","",""
"","","","","","html-keyboard-response","167","2129760","0.0-3.0-5.0-0.11","60d9faa609c8dcb9e5e05481","F1","batch6","pattern_show_trial_num","null","<p class=block-text>Trial 12 out of 78</p>","null","","","","","","","","","","","","","","","","","","","","","","","","","",""
"","","","","","image-keyboard-response","168","2134540","0.0-3.0-5.0-1.11","60d9faa609c8dcb9e5e05481","F1","batch6","pattern_response","4776.899999976158","stim/no_45_1_w.png","f","pattern_25","j","false","","","","4776.899999976158","false","6","","","","","","","","","","","","","","","","",""
"","","","","","html-keyboard-response","169","2135860","0.0-3.0-5.0-0.12","60d9faa609c8dcb9e5e05481","F1","batch6","pattern_show_trial_num","null","<p class=block-text>Trial 13 out of 78</p>","null","","","","","","","","","","","","","","","","","","","","","","","","","",""
"","","","","","image-keyboard-response","170","2138445","0.0-3.0-5.0-1.12","60d9faa609c8dcb9e5e05481","F1","batch6","pattern_response","2581.2000000476837","stim/no_67_1.png","f","pattern_39","j","false","","","","2581.2000000476837","false","6","","","","","","","","","","","","","","","","",""
"","","","","","html-keyboard-response","171","2139761","0.0-3.0-5.0-0.13","60d9faa609c8dcb9e5e05481","F1","batch6","pattern_show_trial_num","null","<p class=block-text>Trial 14 out of 78</p>","null","","","","","","","","","","","","","","","","","","","","","","","","","",""
"","","","","","image-keyboard-response","172","2146278","0.0-3.0-5.0-1.13","60d9faa609c8dcb9e5e05481","F1","batch6","pattern_response","6513.5","stim/yes_63_dia_b1.png","f","pattern_78","f","true","","","","6513.5","true","7","","","","","","","","","","","","","","","","",""
"","","","","","html-keyboard-response","173","2147594","0.0-3.0-5.0-0.14","60d9faa609c8dcb9e5e05481","F1","batch6","pattern_show_trial_num","null","<p class=block-text>Trial 15 out of 78</p>","null","","","","","","","","","","","","","","","","","","","","","","","","","",""
"","","","","","image-keyboard-response","174","2149602","0.0-3.0-5.0-1.14","60d9faa609c8dcb9e5e05481","F1","batch6","pattern_response","2012.6999999284744","stim/no_49_2_b.png","f","pattern_29","j","false","","","","2012.6999999284744","false","7","","","","","","","","","","","","","","","","",""
"","","","","","html-keyboard-response","175","2150926","0.0-3.0-5.0-0.15","60d9faa609c8dcb9e5e05481","F1","batch6","pattern_show_trial_num","null","<p class=block-text>Trial 16 out of 78</p>","null","","","","","","","","","","","","","","","","","","","","","","","","","",""
"","","","","","image-keyboard-response","176","2152590","0.0-3.0-5.0-1.15","60d9faa609c8dcb9e5e05481","F1","batch6","pattern_response","1660.8000000715256","stim/yes_30_ver_b1_b.png","f","pattern_54","f","true","","","","1660.8000000715256","true","8","","","","","","","","","","","","","","","","",""
"","","","","","html-keyboard-response","177","2153920","0.0-3.0-5.0-0.16","60d9faa609c8dcb9e5e05481","F1","batch6","pattern_show_trial_num","null","<p class=block-text>Trial 17 out of 78</p>","null","","","","","","","","","","","","","","","","","","","","","","","","","",""
"","","","","","image-keyboard-response","178","2154924","0.0-3.0-5.0-1.16","60d9faa609c8dcb9e5e05481","F1","batch6","pattern_response","1000.8000000715256","stim/yes_12_hor_w1_w.png","f","pattern_42","f","true","","","","1000.8000000715256","true","9","","","","","","","","","","","","","","","","",""
"","","","","","html-keyboard-response","179","2156241","0.0-3.0-5.0-0.17","60d9faa609c8dcb9e5e05481","F1","batch6","pattern_show_trial_num","null","<p class=block-text>Trial 18 out of 78</p>","null","","","","","","","","","","","","","","","","","","","","","","","","","",""
"","","","","","image-keyboard-response","180","2159099","0.0-3.0-5.0-1.17","60d9faa609c8dcb9e5e05481","F1","batch6","pattern_response","2854.899999976158","stim/yes_37_hor_w1_w.png","f","pattern_60","f","true","","","","2854.899999976158","true","10","","","","","","","","","","","","","","","","",""
"","","","","","html-keyboard-response","181","2160419","0.0-3.0-5.0-0.18","60d9faa609c8dcb9e5e05481","F1","batch6","pattern_show_trial_num","null","<p class=block-text>Trial 19 out of 78</p>","null","","","","","","","","","","","","","","","","","","","","","","","","","",""
"","","","","","image-keyboard-response","182","2161700","0.0-3.0-5.0-1.18","60d9faa609c8dcb9e5e05481","F1","batch6","pattern_response","1278.3999999761581","stim/yes_36_ver_w1_w.png","f","pattern_58","f","true","","","","1278.3999999761581","true","11","","","","","","","","","","","","","","","","",""
"","","","","","html-keyboard-response","183","2163009","0.0-3.0-5.0-0.19","60d9faa609c8dcb9e5e05481","F1","batch6","pattern_show_trial_num","null","<p class=block-text>Trial 20 out of 78</p>","null","","","","","","","","","","","","","","","","","","","","","","","","","",""
"","","","","","image-keyboard-response","184","2171199","0.0-3.0-5.0-1.19","60d9faa609c8dcb9e5e05481","F1","batch6","pattern_response","8187.399999976158","stim/yes_51_dia_b1.png","f","pattern_72","f","true","","","","8187.399999976158","true","12","","","","","","","","","","","","","","","","",""
"","","","","","html-keyboard-response","185","2172519","0.0-3.0-5.0-0.20","60d9faa609c8dcb9e5e05481","F1","batch6","pattern_show_trial_num","null","<p class=block-text>Trial 21 out of 78</p>","null","","","","","","","","","","","","","","","","","","","","","","","","","",""
"","","","","","image-keyboard-response","186","2179100","0.0-3.0-5.0-1.20","60d9faa609c8dcb9e5e05481","F1","batch6","pattern_response","6577.199999928474","stim/no_51_1.png","f","pattern_31","j","false","","","","6577.199999928474","false","12","","","","","","","","","","","","","","","","",""
"","","","","","html-keyboard-response","187","2180411","0.0-3.0-5.0-0.21","60d9faa609c8dcb9e5e05481","F1","batch6","pattern_show_trial_num","null","<p class=block-text>Trial 22 out of 78</p>","null","","","","","","","","","","","","","","","","","","","","","","","","","",""
"","","","","","image-keyboard-response","188","2186157","0.0-3.0-5.0-1.21","60d9faa609c8dcb9e5e05481","F1","batch6","pattern_response","5741.700000047684","stim/yes_46_ver_b1_b.png","f","pattern_68","f","true","","","","5741.700000047684","true","13","","","","","","","","","","","","","","","","",""
"","","","","","html-keyboard-response","189","2187474","0.0-3.0-5.0-0.22","60d9faa609c8dcb9e5e05481","F1","batch6","pattern_show_trial_num","null","<p class=block-text>Trial 23 out of 78</p>","null","","","","","","","","","","","","","","","","","","","","","","","","","",""
"","","","","","image-keyboard-response","190","2190936","0.0-3.0-5.0-1.22","60d9faa609c8dcb9e5e05481","F1","batch6","pattern_response","3459.1999999284744","stim/no_47_1_b.png","f","pattern_27","j","false","","","","3459.1999999284744","false","13","","","","","","","","","","","","","","","","",""
"","","","","","html-keyboard-response","191","2192253","0.0-3.0-5.0-0.23","60d9faa609c8dcb9e5e05481","F1","batch6","pattern_show_trial_num","null","<p class=block-text>Trial 24 out of 78</p>","null","","","","","","","","","","","","","","","","","","","","","","","","","",""
"","","","","","image-keyboard-response","192","2206365","0.0-3.0-5.0-1.23","60d9faa609c8dcb9e5e05481","F1","batch6","pattern_response","14110.100000023842","stim/yes_58_dia_w1_w.png","f","pattern_76","f","true","","","","14110.100000023842","true","14","","","","","","","","","","","","","","","","",""
"","","","","","html-keyboard-response","193","2207687","0.0-3.0-5.0-0.24","60d9faa609c8dcb9e5e05481","F1","batch6","pattern_show_trial_num","null","<p class=block-text>Trial 25 out of 78</p>","null","","","","","","","","","","","","","","","","","","","","","","","","","",""
"","","","","","image-keyboard-response","194","2210009","0.0-3.0-5.0-1.24","60d9faa609c8dcb9e5e05481","F1","batch6","pattern_response","2320.2000000476837","stim/yes_33_dia_w1_w.png","f","pattern_56","f","true","","","","2320.2000000476837","true","15","","","","","","","","","","","","","","","","",""
"","","","","","html-keyboard-response","195","2211335","0.0-3.0-5.0-0.25","60d9faa609c8dcb9e5e05481","F1","batch6","pattern_show_trial_num","null","<p class=block-text>Trial 26 out of 78</p>","null","","","","","","","","","","","","","","","","","","","","","","","","","",""
"","","","","","image-keyboard-response","196","2219243","0.0-3.0-5.0-1.25","60d9faa609c8dcb9e5e05481","F1","batch6","pattern_response","7905.299999952316","stim/no_37_2_w.png","j","pattern_19","j","true","","","","7905.299999952316","true","16","","","","","","","","","","","","","","","","",""
"","","","","","html-keyboard-response","197","2220560","0.0-3.0-5.0-0.26","60d9faa609c8dcb9e5e05481","F1","batch6","pattern_show_trial_num","null","<p class=block-text>Trial 27 out of 78</p>","null","","","","","","","","","","","","","","","","","","","","","","","","","",""
"","","","","","image-keyboard-response","198","2224376","0.0-3.0-5.0-1.26","60d9faa609c8dcb9e5e05481","F1","batch6","pattern_response","3812.600000023842","stim/yes_29_hor_b1_b.png","j","pattern_52","f","false","","","","3812.600000023842","false","16","","","","","","","","","","","","","","","","",""
"","","","","","html-keyboard-response","199","2225689","0.0-3.0-5.0-0.27","60d9faa609c8dcb9e5e05481","F1","batch6","pattern_show_trial_num","null","<p class=block-text>Trial 28 out of 78</p>","null","","","","","","","","","","","","","","","","","","","","","","","","","",""
"","","","","","image-keyboard-response","200","2228866","0.0-3.0-5.0-1.27","60d9faa609c8dcb9e5e05481","F1","batch6","pattern_response","3174","stim/no_30_1_b.png","j","pattern_13","j","true","","","","3174","true","17","","","","","","","","","","","","","","","","",""
"","","","","","html-keyboard-response","201","2230189","0.0-3.0-5.0-0.28","60d9faa609c8dcb9e5e05481","F1","batch6","pattern_show_trial_num","null","<p class=block-text>Trial 29 out of 78</p>","null","","","","","","","","","","","","","","","","","","","","","","","","","",""
"","","","","","image-keyboard-response","202","2235499","0.0-3.0-5.0-1.28","60d9faa609c8dcb9e5e05481","F1","batch6","pattern_response","5305.799999952316","stim/no_43_2_b.png","j","pattern_23","j","true","","","","5305.799999952316","true","18","","","","","","","","","","","","","","","","",""
"","","","","","html-keyboard-response","203","2236821","0.0-3.0-5.0-0.29","60d9faa609c8dcb9e5e05481","F1","batch6","pattern_show_trial_num","null","<p class=block-text>Trial 30 out of 78</p>","null","","","","","","","","","","","","","","","","","","","","","","","","","",""
"","","","","","image-keyboard-response","204","2238615","0.0-3.0-5.0-1.29","60d9faa609c8dcb9e5e05481","F1","batch6","pattern_response","1791","stim/no_15_1_w.png","j","pattern_03","j","true","","","","1791","true","19","","","","","","","","","","","","","","","","",""
"","","","","","html-keyboard-response","205","2239932","0.0-3.0-5.0-0.30","60d9faa609c8dcb9e5e05481","F1","batch6","pattern_show_trial_num","null","<p class=block-text>Trial 31 out of 78</p>","null","","","","","","","","","","","","","","","","","","","","","","","","","",""
"","","","","","image-keyboard-response","206","2248547","0.0-3.0-5.0-1.30","60d9faa609c8dcb9e5e05481","F1","batch6","pattern_response","8611.299999952316","stim/yes_53_ver_b1_b.png","j","pattern_74","f","false","","","","8611.299999952316","false","19","","","","","","","","","","","","","","","","",""
"","","","","","html-keyboard-response","207","2249853","0.0-3.0-5.0-0.31","60d9faa609c8dcb9e5e05481","F1","batch6","pattern_show_trial_num","null","<p class=block-text>Trial 32 out of 78</p>","null","","","","","","","","","","","","","","","","","","","","","","","","","",""
"","","","","","image-keyboard-response","208","2252798","0.0-3.0-5.0-1.31","60d9faa609c8dcb9e5e05481","F1","batch6","pattern_response","2941.2999999523163","stim/no_36_1_b.png","j","pattern_17","j","true","","","","2941.2999999523163","true","20","","","","","","","","","","","","","","","","",""
"","","","","","html-keyboard-response","209","2254119","0.0-3.0-5.0-0.32","60d9faa609c8dcb9e5e05481","F1","batch6","pattern_show_trial_num","null","<p class=block-text>Trial 33 out of 78</p>","null","","","","","","","","","","","","","","","","","","","","","","","","","",""
"","","","","","image-keyboard-response","210","2256973","0.0-3.0-5.0-1.32","60d9faa609c8dcb9e5e05481","F1","batch6","pattern_response","2850.2999999523163","stim/no_18_1_b.png","j","pattern_05","j","true","","","","2850.2999999523163","true","21","","","","","","","","","","","","","","","","",""
"","","","","","html-keyboard-response","211","2258290","0.0-3.0-5.0-0.33","60d9faa609c8dcb9e5e05481","F1","batch6","pattern_show_trial_num","null","<p class=block-text>Trial 34 out of 78</p>","null","","","","","","","","","","","","","","","","","","","","","","","","","",""
"","","","","","image-keyboard-response","212","2261681","0.0-3.0-5.0-1.33","60d9faa609c8dcb9e5e05481","F1","batch6","pattern_response","3389.5","stim/no_28_2.png","j","pattern_11","j","true","","","","3389.5","true","22","","","","","","","","","","","","","","","","",""
"","","","","","html-keyboard-response","213","2262991","0.0-3.0-5.0-0.34","60d9faa609c8dcb9e5e05481","F1","batch6","pattern_show_trial_num","null","<p class=block-text>Trial 35 out of 78</p>","null","","","","","","","","","","","","","","","","","","","","","","","","","",""
"","","","","","image-keyboard-response","214","2269845","0.0-3.0-5.0-1.34","60d9faa609c8dcb9e5e05481","F1","batch6","pattern_response","6849.699999928474","stim/no_58_1_w.png","j","pattern_35","j","true","","","","6849.699999928474","true","23","","","","","","","","","","","","","","","","",""
"","","","","","html-keyboard-response","215","2271167","0.0-3.0-5.0-0.35","60d9faa609c8dcb9e5e05481","F1","batch6","pattern_show_trial_num","null","<p class=block-text>Trial 36 out of 78</p>","null","","","","","","","","","","","","","","","","","","","","","","","","","",""
"","","","","","image-keyboard-response","216","2272495","0.0-3.0-5.0-1.35","60d9faa609c8dcb9e5e05481","F1","batch6","pattern_response","1324","stim/yes_26_dia_w2_w.png","f","pattern_50","f","true","","","","1324","true","24","","","","","","","","","","","","","","","","",""
"","","","","","html-keyboard-response","217","2273817","0.0-3.0-5.0-0.36","60d9faa609c8dcb9e5e05481","F1","batch6","pattern_show_trial_num","null","<p class=block-text>Trial 37 out of 78</p>","null","","","","","","","","","","","","","","","","","","","","","","","","","",""
"","","","","","image-keyboard-response","218","2277032","0.0-3.0-5.0-1.36","60d9faa609c8dcb9e5e05481","F1","batch6","pattern_response","3212.8000000715256","stim/no_25_1_b.png","j","pattern_09","j","true","","","","3212.8000000715256","true","25","","","","","","","","","","","","","","","","",""
"","","","","","html-keyboard-response","219","2278345","0.0-3.0-5.0-0.37","60d9faa609c8dcb9e5e05481","F1","batch6","pattern_show_trial_num","null","<p class=block-text>Trial 38 out of 78</p>","null","","","","","","","","","","","","","","","","","","","","","","","","","",""
"","","","","","image-keyboard-response","220","2283537","0.0-3.0-5.0-1.37","60d9faa609c8dcb9e5e05481","F1","batch6","pattern_response","5188.200000047684","stim/no_39_1_w.png","j","pattern_21","j","true","","","","5188.200000047684","true","26","","","","","","","","","","","","","","","","",""
"","","","","","html-keyboard-response","221","2284867","0.0-3.0-5.0-0.38","60d9faa609c8dcb9e5e05481","F1","batch6","pattern_show_trial_num","null","<p class=block-text>Trial 39 out of 78</p>","null","","","","","","","","","","","","","","","","","","","","","","","","","",""
"","","","","","image-keyboard-response","222","2293197","0.0-3.0-5.0-1.38","60d9faa609c8dcb9e5e05481","F1","batch6","pattern_response","8326.099999904633","stim/yes_70_ver_b1.png","j","pattern_80","f","false","","","","8326.099999904633","false","26","","","","","","","","","","","","","","","","",""
"","","","","","image-keyboard-response","223","2297181","0.0-3.0-6.0","60d9faa609c8dcb9e5e05481","F1","batch6","attention_check","3475.8000000715256","stim/empty_board.png","j","","j","true","","","","","","","500","[""f"",""j""]","","","","","","","","","","","","","","",""
"","","","","","html-keyboard-response","224","2297984","0.0-3.0-7.0-0.0","60d9faa609c8dcb9e5e05481","F1","batch6","pattern_show_trial_num","null","<p class=block-text>Trial 40 out of 78</p>","null","","","","","","","","","","","","","","","","","","","","","","","","","",""
"","","","","","image-keyboard-response","225","2301803","0.0-3.0-7.0-1.0","60d9faa609c8dcb9e5e05481","F1","batch6","pattern_response","3814.3000000715256","stim/yes_50_dia_w1.png","f","pattern_71","f","true","","","","3814.3000000715256","true","27","","","","","","","","","","","","","","","","",""
"","","","","","html-keyboard-response","226","2303128","0.0-3.0-7.0-0.1","60d9faa609c8dcb9e5e05481","F1","batch6","pattern_show_trial_num","null","<p class=block-text>Trial 41 out of 78</p>","null","","","","","","","","","","","","","","","","","","","","","","","","","",""
"","","","","","image-keyboard-response","227","2311619","0.0-3.0-7.0-1.1","60d9faa609c8dcb9e5e05481","F1","batch6","pattern_response","8488.399999976158","stim/no_48_1_w.png","j","pattern_28","j","true","","","","8488.399999976158","true","28","","","","","","","","","","","","","","","","",""
"","","","","","html-keyboard-response","228","2312945","0.0-3.0-7.0-0.2","60d9faa609c8dcb9e5e05481","F1","batch6","pattern_show_trial_num","null","<p class=block-text>Trial 42 out of 78</p>","null","","","","","","","","","","","","","","","","","","","","","","","","","",""
"","","","","","image-keyboard-response","229","2316170","0.0-3.0-7.0-1.2","60d9faa609c8dcb9e5e05481","F1","batch6","pattern_response","3221.5","stim/no_23_1.png","j","pattern_08","j","true","","","","3221.5","true","29","","","","","","","","","","","","","","","","",""
"","","","","","html-keyboard-response","230","2317489","0.0-3.0-7.0-0.3","60d9faa609c8dcb9e5e05481","F1","batch6","pattern_show_trial_num","null","<p class=block-text>Trial 43 out of 78</p>","null","","","","","","","","","","","","","","","","","","","","","","","","","",""
"","","","","","image-keyboard-response","231","2319355","0.0-3.0-7.0-1.3","60d9faa609c8dcb9e5e05481","F1","batch6","pattern_response","1861.7999999523163","stim/no_20_1_w.png","j","pattern_06","j","true","","","","1861.7999999523163","true","30","","","","","","","","","","","","","","","","",""
"","","","","","html-keyboard-response","232","2320678","0.0-3.0-7.0-0.4","60d9faa609c8dcb9e5e05481","F1","batch6","pattern_show_trial_num","null","<p class=block-text>Trial 44 out of 78</p>","null","","","","","","","","","","","","","","","","","","","","","","","","","",""
"","","","","","image-keyboard-response","233","2327753","0.0-3.0-7.0-1.4","60d9faa609c8dcb9e5e05481","F1","batch6","pattern_response","7071","stim/no_52_1.png","j","pattern_32","j","true","","","","7071","true","31","","","","","","","","","","","","","","","","",""
"","","","","","html-keyboard-response","234","2329074","0.0-3.0-7.0-0.5","60d9faa609c8dcb9e5e05481","F1","batch6","pattern_show_trial_num","null","<p class=block-text>Trial 45 out of 78</p>","null","","","","","","","","","","","","","","","","","","","","","","","","","",""
"","","","","","image-keyboard-response","235","2331442","0.0-3.0-7.0-1.5","60d9faa609c8dcb9e5e05481","F1","batch6","pattern_response","2370.0999999046326","stim/yes_29_ver_w1.png","f","pattern_53","f","true","","","","2370.0999999046326","true","32","","","","","","","","","","","","","","","","",""
"","","","","","html-keyboard-response","236","2332752","0.0-3.0-7.0-0.6","60d9faa609c8dcb9e5e05481","F1","batch6","pattern_show_trial_num","null","<p class=block-text>Trial 46 out of 78</p>","null","","","","","","","","","","","","","","","","","","","","","","","","","",""
"","","","","","image-keyboard-response","237","2334716","0.0-3.0-7.0-1.6","60d9faa609c8dcb9e5e05481","F1","batch6","pattern_response","1960.5","stim/no_17_1_w.png","j","pattern_04","j","true","","","","1960.5","true","33","","","","","","","","","","","","","","","","",""
"","","","","","html-keyboard-response","238","2336043","0.0-3.0-7.0-0.7","60d9faa609c8dcb9e5e05481","F1","batch6","pattern_show_trial_num","null","<p class=block-text>Trial 47 out of 78</p>","null","","","","","","","","","","","","","","","","","","","","","","","","","",""
"","","","","","image-keyboard-response","239","2342035","0.0-3.0-7.0-1.7","60d9faa609c8dcb9e5e05481","F1","batch6","pattern_response","5989","stim/no_38_1_b.png","j","pattern_20","j","true","","","","5989","true","34","","","","","","","","","","","","","","","","",""
"","","","","","html-keyboard-response","240","2343356","0.0-3.0-7.0-0.8","60d9faa609c8dcb9e5e05481","F1","batch6","pattern_show_trial_num","null","<p class=block-text>Trial 48 out of 78</p>","null","","","","","","","","","","","","","","","","","","","","","","","","","",""
"","","","","","image-keyboard-response","241","2350224","0.0-3.0-7.0-1.8","60d9faa609c8dcb9e5e05481","F1","batch6","pattern_response","6865.5","stim/no_32_1_w.png","j","pattern_14","j","true","","","","6865.5","true","35","","","","","","","","","","","","","","","","",""
"","","","","","html-keyboard-response","242","2351541","0.0-3.0-7.0-0.9","60d9faa609c8dcb9e5e05481","F1","batch6","pattern_show_trial_num","null","<p class=block-text>Trial 49 out of 78</p>","null","","","","","","","","","","","","","","","","","","","","","","","","","",""
"","","","","","image-keyboard-response","243","2355991","0.0-3.0-7.0-1.9","60d9faa609c8dcb9e5e05481","F1","batch6","pattern_response","4446.600000023842","stim/yes_67_hor_b1.png","f","pattern_79","f","true","","","","4446.600000023842","true","36","","","","","","","","","","","","","","","","",""
"","","","","","html-keyboard-response","244","2357297","0.0-3.0-7.0-0.10","60d9faa609c8dcb9e5e05481","F1","batch6","pattern_show_trial_num","null","<p class=block-text>Trial 50 out of 78</p>","null","","","","","","","","","","","","","","","","","","","","","","","","","",""
"","","","","","image-keyboard-response","245","2362090","0.0-3.0-7.0-1.10","60d9faa609c8dcb9e5e05481","F1","batch6","pattern_response","4789.5","stim/no_44_1.png","j","pattern_24","j","true","","","","4789.5","true","37","","","","","","","","","","","","","","","","",""
"","","","","","html-keyboard-response","246","2363401","0.0-3.0-7.0-0.11","60d9faa609c8dcb9e5e05481","F1","batch6","pattern_show_trial_num","null","<p class=block-text>Trial 51 out of 78</p>","null","","","","","","","","","","","","","","","","","","","","","","","","","",""
"","","","","","image-keyboard-response","247","2365434","0.0-3.0-7.0-1.11","60d9faa609c8dcb9e5e05481","F1","batch6","pattern_response","2029.6000000238419","stim/yes_17_dia_w1.png","f","pattern_45","f","true","","","","2029.6000000238419","true","38","","","","","","","","","","","","","","","","",""
"","","","","","html-keyboard-response","248","2366752","0.0-3.0-7.0-0.12","60d9faa609c8dcb9e5e05481","F1","batch6","pattern_show_trial_num","null","<p class=block-text>Trial 52 out of 78</p>","null","","","","","","","","","","","","","","","","","","","","","","","","","",""
"","","","","","image-keyboard-response","249","2368197","0.0-3.0-7.0-1.12","60d9faa609c8dcb9e5e05481","F1","batch6","pattern_response","1441.3000000715256","stim/yes_43_ver_w1_w.png","f","pattern_65","f","true","","","","1441.3000000715256","true","39","","","","","","","","","","","","","","","","",""
"","","","","","html-keyboard-response","250","2369524","0.0-3.0-7.0-0.13","60d9faa609c8dcb9e5e05481","F1","batch6","pattern_show_trial_num","null","<p class=block-text>Trial 53 out of 78</p>","null","","","","","","","","","","","","","","","","","","","","","","","","","",""
"","","","","","image-keyboard-response","251","2373768","0.0-3.0-7.0-1.13","60d9faa609c8dcb9e5e05481","F1","batch6","pattern_response","4241.399999976158","stim/yes_48_dia_w1_w.png","j","pattern_69","f","false","","","","4241.399999976158","false","39","","","","","","","","","","","","","","","","",""
"","","","","","html-keyboard-response","252","2375087","0.0-3.0-7.0-0.14","60d9faa609c8dcb9e5e05481","F1","batch6","pattern_show_trial_num","null","<p class=block-text>Trial 54 out of 78</p>","null","","","","","","","","","","","","","","","","","","","","","","","","","",""
"","","","","","image-keyboard-response","253","2377450","0.0-3.0-7.0-1.14","60d9faa609c8dcb9e5e05481","F1","batch6","pattern_response","2359.100000023842","stim/yes_40_dia_b1_b.png","j","pattern_63","f","false","","","","2359.100000023842","false","39","","","","","","","","","","","","","","","","",""
"","","","","","html-keyboard-response","254","2378775","0.0-3.0-7.0-0.15","60d9faa609c8dcb9e5e05481","F1","batch6","pattern_show_trial_num","null","<p class=block-text>Trial 55 out of 78</p>","null","","","","","","","","","","","","","","","","","","","","","","","","","",""
"","","","","","image-keyboard-response","255","2380241","0.0-3.0-7.0-1.15","60d9faa609c8dcb9e5e05481","F1","batch6","pattern_response","1462.5","stim/yes_28_ver_b1.png","f","pattern_51","f","true","","","","1462.5","true","40","","","","","","","","","","","","","","","","",""
"","","","","","html-keyboard-response","256","2381547","0.0-3.0-7.0-0.16","60d9faa609c8dcb9e5e05481","F1","batch6","pattern_show_trial_num","null","<p class=block-text>Trial 56 out of 78</p>","null","","","","","","","","","","","","","","","","","","","","","","","","","",""
"","","","","","image-keyboard-response","257","2387075","0.0-3.0-7.0-1.16","60d9faa609c8dcb9e5e05481","F1","batch6","pattern_response","5525.5","stim/no_55_1_w.png","j","pattern_34","j","true","","","","5525.5","true","41","","","","","","","","","","","","","","","","",""
"","","","","","html-keyboard-response","258","2388380","0.0-3.0-7.0-0.17","60d9faa609c8dcb9e5e05481","F1","batch6","pattern_show_trial_num","null","<p class=block-text>Trial 57 out of 78</p>","null","","","","","","","","","","","","","","","","","","","","","","","","","",""
"","","","","","image-keyboard-response","259","2392242","0.0-3.0-7.0-1.17","60d9faa609c8dcb9e5e05481","F1","batch6","pattern_response","3869.2999999523163","stim/yes_37_dia_w1.png","j","pattern_59","f","false","","","","3869.2999999523163","false","41","","","","","","","","","","","","","","","","",""
"","","","","","html-keyboard-response","260","2393554","0.0-3.0-7.0-0.18","60d9faa609c8dcb9e5e05481","F1","batch6","pattern_show_trial_num","null","<p class=block-text>Trial 58 out of 78</p>","null","","","","","","","","","","","","","","","","","","","","","","","","","",""
"","","","","","image-keyboard-response","261","2396427","0.0-3.0-7.0-1.18","60d9faa609c8dcb9e5e05481","F1","batch6","pattern_response","2869.8000000715256","stim/yes_35_dia_b1.png","j","pattern_57","f","false","","","","2869.8000000715256","false","41","","","","","","","","","","","","","","","","",""
"","","","","","html-keyboard-response","262","2397746","0.0-3.0-7.0-0.19","60d9faa609c8dcb9e5e05481","F1","batch6","pattern_show_trial_num","null","<p class=block-text>Trial 59 out of 78</p>","null","","","","","","","","","","","","","","","","","","","","","","","","","",""
"","","","","","image-keyboard-response","263","2401889","0.0-3.0-7.0-1.19","60d9faa609c8dcb9e5e05481","F1","batch6","pattern_response","4139.600000023842","stim/no_50_1.png","j","pattern_30","j","true","","","","4139.600000023842","true","42","","","","","","","","","","","","","","","","",""
"","","","","","html-keyboard-response","264","2403207","0.0-3.0-7.0-0.20","60d9faa609c8dcb9e5e05481","F1","batch6","pattern_show_trial_num","null","<p class=block-text>Trial 60 out of 78</p>","null","","","","","","","","","","","","","","","","","","","","","","","","","",""
"","","","","","image-keyboard-response","265","2405684","0.0-3.0-7.0-1.20","60d9faa609c8dcb9e5e05481","F1","batch6","pattern_response","2472.399999976158","stim/yes_55_hor_w1_w.png","f","pattern_75","f","true","","","","2472.399999976158","true","43","","","","","","","","","","","","","","","","",""
"","","","","","html-keyboard-response","266","2406987","0.0-3.0-7.0-0.21","60d9faa609c8dcb9e5e05481","F1","batch6","pattern_show_trial_num","null","<p class=block-text>Trial 61 out of 78</p>","null","","","","","","","","","","","","","","","","","","","","","","","","","",""
"","","","","","image-keyboard-response","267","2411614","0.0-3.0-7.0-1.21","60d9faa609c8dcb9e5e05481","F1","batch6","pattern_response","4623.100000023842","stim/no_36_2_w.png","j","pattern_18","j","true","","","","4623.100000023842","true","44","","","","","","","","","","","","","","","","",""
"","","","","","html-keyboard-response","268","2412927","0.0-3.0-7.0-0.22","60d9faa609c8dcb9e5e05481","F1","batch6","pattern_show_trial_num","null","<p class=block-text>Trial 62 out of 78</p>","null","","","","","","","","","","","","","","","","","","","","","","","","","",""
"","","","","","image-keyboard-response","269","2416216","0.0-3.0-7.0-1.22","60d9faa609c8dcb9e5e05481","F1","batch6","pattern_response","3284.4000000953674","stim/no_29_1_b.png","j","pattern_12","j","true","","","","3284.4000000953674","true","45","","","","","","","","","","","","","","","","",""
"","","","","","html-keyboard-response","270","2417525","0.0-3.0-7.0-0.23","60d9faa609c8dcb9e5e05481","F1","batch6","pattern_show_trial_num","null","<p class=block-text>Trial 63 out of 78</p>","null","","","","","","","","","","","","","","","","","","","","","","","","","",""
"","","","","","image-keyboard-response","271","2419268","0.0-3.0-7.0-1.23","60d9faa609c8dcb9e5e05481","F1","batch6","pattern_response","1739.3999999761581","stim/yes_31_hor_b1.png","f","pattern_55","f","true","","","","1739.3999999761581","true","46","","","","","","","","","","","","","","","","",""
"","","","","","html-keyboard-response","272","2420574","0.0-3.0-7.0-0.24","60d9faa609c8dcb9e5e05481","F1","batch6","pattern_show_trial_num","null","<p class=block-text>Trial 64 out of 78</p>","null","","","","","","","","","","","","","","","","","","","","","","","","","",""
"","","","","","image-keyboard-response","273","2422383","0.0-3.0-7.0-1.24","60d9faa609c8dcb9e5e05481","F1","batch6","pattern_response","1805.6000000238419","stim/yes_22_ver_w1.png","f","pattern_47","f","true","","","","1805.6000000238419","true","47","","","","","","","","","","","","","","","","",""
"","","","","","html-keyboard-response","274","2423697","0.0-3.0-7.0-0.25","60d9faa609c8dcb9e5e05481","F1","batch6","pattern_show_trial_num","null","<p class=block-text>Trial 65 out of 78</p>","null","","","","","","","","","","","","","","","","","","","","","","","","","",""
"","","","","","image-keyboard-response","275","2430554","0.0-3.0-7.0-1.25","60d9faa609c8dcb9e5e05481","F1","batch6","pattern_response","6854.199999928474","stim/no_62_1_w.png","j","pattern_36","j","true","","","","6854.199999928474","true","48","","","","","","","","","","","","","","","","",""
"","","","","","html-keyboard-response","276","2431871","0.0-3.0-7.0-0.26","60d9faa609c8dcb9e5e05481","F1","batch6","pattern_show_trial_num","null","<p class=block-text>Trial 66 out of 78</p>","null","","","","","","","","","","","","","","","","","","","","","","","","","",""
"","","","","","image-keyboard-response","277","2433469","0.0-3.0-7.0-1.26","60d9faa609c8dcb9e5e05481","F1","batch6","pattern_response","1594.6999999284744","stim/yes_45_hor_b2_b.png","f","pattern_67","f","true","","","","1594.6999999284744","true","49","","","","","","","","","","","","","","","","",""
"","","","","","html-keyboard-response","278","2434783","0.0-3.0-7.0-0.27","60d9faa609c8dcb9e5e05481","F1","batch6","pattern_show_trial_num","null","<p class=block-text>Trial 67 out of 78</p>","null","","","","","","","","","","","","","","","","","","","","","","","","","",""
"","","","","","image-keyboard-response","279","2441118","0.0-3.0-7.0-1.27","60d9faa609c8dcb9e5e05481","F1","batch6","pattern_response","6330.900000095367","stim/no_65_1_b.png","j","pattern_38","j","true","","","","6330.900000095367","true","50","","","","","","","","","","","","","","","","",""
"","","","","","html-keyboard-response","280","2442430","0.0-3.0-7.0-0.28","60d9faa609c8dcb9e5e05481","F1","batch6","pattern_show_trial_num","null","<p class=block-text>Trial 68 out of 78</p>","null","","","","","","","","","","","","","","","","","","","","","","","","","",""
"","","","","","image-keyboard-response","281","2444119","0.0-3.0-7.0-1.28","60d9faa609c8dcb9e5e05481","F1","batch6","pattern_response","1685.5","stim/yes_52_ver_w1.png","f","pattern_73","f","true","","","","1685.5","true","51","","","","","","","","","","","","","","","","",""
"","","","","","html-keyboard-response","282","2445442","0.0-3.0-7.0-0.29","60d9faa609c8dcb9e5e05481","F1","batch6","pattern_show_trial_num","null","<p class=block-text>Trial 69 out of 78</p>","null","","","","","","","","","","","","","","","","","","","","","","","","","",""
"","","","","","image-keyboard-response","283","2446641","0.0-3.0-7.0-1.29","60d9faa609c8dcb9e5e05481","F1","batch6","pattern_response","1195.8000000715256","stim/yes_25_hor_b1_b.png","f","pattern_49","f","true","","","","1195.8000000715256","true","52","","","","","","","","","","","","","","","","",""
"","","","","","html-keyboard-response","284","2447963","0.0-3.0-7.0-0.30","60d9faa609c8dcb9e5e05481","F1","batch6","pattern_show_trial_num","null","<p class=block-text>Trial 70 out of 78</p>","null","","","","","","","","","","","","","","","","","","","","","","","","","",""
"","","","","","image-keyboard-response","285","2449421","0.0-3.0-7.0-1.30","60d9faa609c8dcb9e5e05481","F1","batch6","pattern_response","1456.6999999284744","stim/no_13_2_b.png","j","pattern_02","j","true","","","","1456.6999999284744","true","53","","","","","","","","","","","","","","","","",""
"","","","","","html-keyboard-response","286","2450748","0.0-3.0-7.0-0.31","60d9faa609c8dcb9e5e05481","F1","batch6","pattern_show_trial_num","null","<p class=block-text>Trial 71 out of 78</p>","null","","","","","","","","","","","","","","","","","","","","","","","","","",""
"","","","","","image-keyboard-response","287","2452526","0.0-3.0-7.0-1.31","60d9faa609c8dcb9e5e05481","F1","batch6","pattern_response","1774.5","stim/no_26_1_w.png","j","pattern_10","j","true","","","","1774.5","true","54","","","","","","","","","","","","","","","","",""
"","","","","","html-keyboard-response","288","2453841","0.0-3.0-7.0-0.32","60d9faa609c8dcb9e5e05481","F1","batch6","pattern_show_trial_num","null","<p class=block-text>Trial 72 out of 78</p>","null","","","","","","","","","","","","","","","","","","","","","","","","","",""
"","","","","","image-keyboard-response","289","2457800","0.0-3.0-7.0-1.32","60d9faa609c8dcb9e5e05481","F1","batch6","pattern_response","3955.7000000476837","stim/no_42_1_w.png","j","pattern_22","j","true","","","","3955.7000000476837","true","55","","","","","","","","","","","","","","","","",""
"","","","","","html-keyboard-response","290","2459119","0.0-3.0-7.0-0.33","60d9faa609c8dcb9e5e05481","F1","batch6","pattern_show_trial_num","null","<p class=block-text>Trial 73 out of 78</p>","null","","","","","","","","","","","","","","","","","","","","","","","","","",""
"","","","","","image-keyboard-response","291","2462200","0.0-3.0-7.0-1.33","60d9faa609c8dcb9e5e05481","F1","batch6","pattern_response","3077.399999976158","stim/no_34_1_b.png","j","pattern_16","j","true","","","","3077.399999976158","true","56","","","","","","","","","","","","","","","","",""
"","","","","","html-keyboard-response","292","2463504","0.0-3.0-7.0-0.34","60d9faa609c8dcb9e5e05481","F1","batch6","pattern_show_trial_num","null","<p class=block-text>Trial 74 out of 78</p>","null","","","","","","","","","","","","","","","","","","","","","","","","","",""
"","","","","","image-keyboard-response","293","2471626","0.0-3.0-7.0-1.34","60d9faa609c8dcb9e5e05481","F1","batch6","pattern_response","8118.600000023842","stim/no_70_2.png","j","pattern_40","j","true","","","","8118.600000023842","true","57","","","","","","","","","","","","","","","","",""
"","","","","","html-keyboard-response","294","2472939","0.0-3.0-7.0-0.35","60d9faa609c8dcb9e5e05481","F1","batch6","pattern_show_trial_num","null","<p class=block-text>Trial 75 out of 78</p>","null","","","","","","","","","","","","","","","","","","","","","","","","","",""
"","","","","","image-keyboard-response","295","2478848","0.0-3.0-7.0-1.35","60d9faa609c8dcb9e5e05481","F1","batch6","pattern_response","5905.599999904633","stim/yes_60_ver_b1_b.png","f","pattern_77","f","true","","","","5905.599999904633","true","58","","","","","","","","","","","","","","","","",""
"","","","","","html-keyboard-response","296","2480171","0.0-3.0-7.0-0.36","60d9faa609c8dcb9e5e05481","F1","batch6","pattern_show_trial_num","null","<p class=block-text>Trial 76 out of 78</p>","null","","","","","","","","","","","","","","","","","","","","","","","","","",""
"","","","","","image-keyboard-response","297","2484843","0.0-3.0-7.0-1.36","60d9faa609c8dcb9e5e05481","F1","batch6","pattern_response","4668.5","stim/yes_38_hor_b1_b.png","f","pattern_61","f","true","","","","4668.5","true","59","","","","","","","","","","","","","","","","",""
"","","","","","html-keyboard-response","298","2486157","0.0-3.0-7.0-0.37","60d9faa609c8dcb9e5e05481","F1","batch6","pattern_show_trial_num","null","<p class=block-text>Trial 77 out of 78</p>","null","","","","","","","","","","","","","","","","","","","","","","","","","",""
"","","","","","image-keyboard-response","299","2487196","0.0-3.0-7.0-1.37","60d9faa609c8dcb9e5e05481","F1","batch6","pattern_response","1035.1000000238419","stim/yes_14_hor_b1_w.png","f","pattern_43","f","true","","","","1035.1000000238419","true","60","","","","","","","","","","","","","","","","",""
"","","","","","html-keyboard-response","300","2488504","0.0-3.0-7.0-0.38","60d9faa609c8dcb9e5e05481","F1","batch6","pattern_show_trial_num","null","<p class=block-text>Trial 78 out of 78</p>","null","","","","","","","","","","","","","","","","","","","","","","","","","",""
"","","","","","image-keyboard-response","301","2492558","0.0-3.0-7.0-1.38","60d9faa609c8dcb9e5e05481","F1","batch6","pattern_response","4053","stim/no_46_1_b.png","j","pattern_26","j","true","","","","4053","true","61","","","","","","","","","","","","","","","","",""
"","","","","","html-button-response","302","2516789","0.0-3.0-8.0","60d9faa609c8dcb9e5e05481","F1","batch6","","23705.100000023842","<p class = block-text>This concludes the 4-in-a-row detection game.Thank you for your responses!<br>
            You responded correctly on 78% of the trials.<br>
            When you are ready, press ""Continue"" button to continue </p>","0","","","","","","","","","","","","","","","","","","","","","","","","","",""
"true","","","","","fullscreen","303","2521657","0.0-4.0-0.0","60d9faa609c8dcb9e5e05481","F1","batch6","","","","","","","","","","","","","","","","","","","","","","","","","","","","","",""
"","","","","","instructions","304","2657057","0.0-4.0-1.0-0.0-0.0","60d9faa609c8dcb9e5e05481","F1","batch6","tol-instructions","135399.5","","","","","","","","[{""page_index"":0,""viewing_time"":29498.899999976158},{""page_index"":1,""viewing_time"":10654.300000071526},{""page_index"":2,""viewing_time"":14024.099999904633},{""page_index"":3,""viewing_time"":43662},{""page_index"":4,""viewing_time"":8458},{""page_index"":5,""viewing_time"":22856.100000023842},{""page_index"":6,""viewing_time"":6245.899999976158}]","","","","","","","","","","","","","","","","","","","",""
"","","","","","html-button-response","305","2659039","0.0-4.0-1.0-1.0-0.0","60d9faa609c8dcb9e5e05481","F1","batch6","tol_enter_quiz","1981.3999999761581","<p class=block-text> Let's answer a few questions <br>","0","","","","","","","","","","","","","","","","","","","","","","","","","",""
"","","","","","html-button-response","306","2667607","0.0-4.0-1.0-1.0-1.0","60d9faa609c8dcb9e5e05481","F1","batch6","tol_quiz","8566.899999976158","<p class = block-text>True or False: You can only move the ball on top of a peg. <br></p>","0","","","true","","","","","","","","","","","","","","","","","","","","","","",""
"","","","","","html-button-response","307","2669977","0.0-4.0-1.0-1.0-2.0","60d9faa609c8dcb9e5e05481","F1","batch6","tol_quiz_feedback","2369.5","<p class = block-text>Correct! You can only move the ball on top of a peg.</p>","0","","","","","","","","","","","","","","","","","","","","","","","","","",""
"","","","","","html-button-response","308","2674433","0.0-4.0-1.0-1.0-3.0","60d9faa609c8dcb9e5e05481","F1","batch6","tol_quiz","4455.5","<p class = block-text>True or False: You should try to match your board with the target board with fewest moves possible. <br></p>","0","","","true","","","","","","","","","","","","","","","","","","","","","","",""
"","","","","","html-button-response","309","2676145","0.0-4.0-1.0-1.0-4.0","60d9faa609c8dcb9e5e05481","F1","batch6","tol_quiz_feedback","1711.1000000238419","<p class = block-text>Correct! </p>","0","","","","","","","","","","","","","","","","","","","","","","","","","",""
"","","","","","html-button-response","310","2680143","0.0-4.0-2.0","60d9faa609c8dcb9e5e05481","F1","batch6","","3997.2000000476837","<p class=block-text> Now that you've understood the game, let's practice a few easier examples before we start!<br> <br>","0","","","","","","","","","","","","","","","","","","","","","","","","","",""
"","","","","","single-stim-button","311","2686237","0.0-4.0-3.0-0.0","60d9faa609c8dcb9e5e05481","F1","batch6","tol_practice","6092","","","","","","","","","","","","","","tol_peg_2","6092","6092","0","[[1,2,0],[0,0],[0]]","1","[[1,2,0],[0,0],[3]]","practice","6092","","","","","",""
"","","","","","single-stim-button","312","2688491","0.0-4.0-3.0-1.0","60d9faa609c8dcb9e5e05481","F1","batch6","tol_practice","2254","","","","","","","","","","","","","","tol_peg_3","2254","2254","0","[[1,2,0],[0,0],[3]]","1","[[1,2,0],[0,0],[3]]","practice","2254","","","","","",""
"","","","","","poldrack-single-stim","313","2689495","0.0-4.0-4.0","60d9faa609c8dcb9e5e05481","F1","batch6","tol_feedback","-1","","","","","true","","","","","","","","","","1000","1000","500","","","","","","-1","none","true","","0",""
"","","","","","single-stim-button","314","2697961","0.0-4.0-5.0-0.0","60d9faa609c8dcb9e5e05481","F1","batch6","tol_practice","8465","","","","","","","","","","","","","","tol_peg_1","8465","8465","0","[[1,0,0],[3,0],[0]]","2","[[0,0,0],[3,1],[2]]","practice","8465","","","","","",""
"","","","","","single-stim-button","315","2699911","0.0-4.0-5.0-1.0","60d9faa609c8dcb9e5e05481","F1","batch6","tol_practice","1949","","","","","","","","","","","","","","tol_peg_3","1949","1949","0","[[1,0,0],[3,0],[2]]","2","[[0,0,0],[3,1],[2]]","practice","1949","","","","","",""
"","","","","","single-stim-button","316","2701645","0.0-4.0-5.1-0.1","60d9faa609c8dcb9e5e05481","F1","batch6","tol_practice","1733","","","","","","","","","","","","","","tol_peg_1","1733","1733","0","[[0,0,0],[3,0],[2]]","3","[[0,0,0],[3,1],[2]]","practice","1733","","","","","",""
"","","","","","single-stim-button","317","2702647","0.0-4.0-5.1-1.1","60d9faa609c8dcb9e5e05481","F1","batch6","tol_practice","1001","","","","","","","","","","","","","","tol_peg_2","1001","1001","0","[[0,0,0],[3,1],[2]]","3","[[0,0,0],[3,1],[2]]","practice","1001","","","","","",""
"","","","","","poldrack-single-stim","318","2703648","0.0-4.0-6.0","60d9faa609c8dcb9e5e05481","F1","batch6","tol_feedback","-1","","","","","true","","","","","","","","","","1000","1000","500","","","","","","-1","none","true","","0",""
"","","","","","single-stim-button","319","2708377","0.0-4.0-7.0-0.0","60d9faa609c8dcb9e5e05481","F1","batch6","tol_practice","4728","","","","","","","","","","","","","","tol_peg_2","4728","4728","0","[[1,2,0],[0,0],[0]]","4","[[1,0,0],[2,0],[3]]","practice","4728","","","","","",""
"","","","","","single-stim-button","320","2709728","0.0-4.0-7.0-1.0","60d9faa609c8dcb9e5e05481","F1","batch6","tol_practice","1350","","","","","","","","","","","","","","tol_peg_3","1350","1350","0","[[1,2,0],[0,0],[3]]","4","[[1,0,0],[2,0],[3]]","practice","1350","","","","","",""
"","","","","","single-stim-button","321","2711304","0.0-4.0-7.1-0.1","60d9faa609c8dcb9e5e05481","F1","batch6","tol_practice","1575","","","","","","","","","","","","","","tol_peg_1","1575","1575","0","[[1,0,0],[0,0],[3]]","5","[[1,0,0],[2,0],[3]]","practice","1575","","","","","",""
"","","","","","single-stim-button","322","2712408","0.0-4.0-7.1-1.1","60d9faa609c8dcb9e5e05481","F1","batch6","tol_practice","1104","","","","","","","","","","","","","","tol_peg_2","1104","1104","0","[[1,0,0],[2,0],[3]]","5","[[1,0,0],[2,0],[3]]","practice","1104","","","","","",""
"","","","","","poldrack-single-stim","323","2713417","0.0-4.0-8.0","60d9faa609c8dcb9e5e05481","F1","batch6","tol_feedback","-1","","","","","true","","","","","","","","","","1000","1000","500","","","","","","-1","none","true","","0",""
"","","","","","html-button-response","324","2719522","0.0-4.0-9.0","60d9faa609c8dcb9e5e05481","F1","batch6","tol_instruction","6103.899999976158","<div class = centerbox><p class = center-block-text>Great job! You are done with practice trials<br>You are about to start official trials.<br> <br> Problem <strong>1</strong> out of 25 problems</p></div>","0","","","","","","","","","","","","","","","","","","","","","","","","","",""
"","","","","","single-stim-button","325","2724814","0.0-4.0-10.0-0.0","60d9faa609c8dcb9e5e05481","F1","batch6","tol_tohand","4276","","","","","","","","","","","","","","tol_peg_1","4276","4276","0","[[1,0,0],[3,0],[0]]","1","[[1,3,0],[2,0],[0]]","0","0","","","","","","3"
"","","","","","single-stim-button","326","2729420","0.0-4.0-10.0-1.0","60d9faa609c8dcb9e5e05481","F1","batch6","tol_toboard","4605","","","","","","","","","","","","","","tol_peg_3","4605","4605","0","[[1,0,0],[3,0],[2]]","1","[[1,3,0],[2,0],[0]]","0","0","","","","","","3"
"","","","","","single-stim-button","327","2731208","0.0-4.0-10.1-0.1","60d9faa609c8dcb9e5e05481","F1","batch6","tol_tohand","1787","","","","","","","","","","","","","","tol_peg_2","1787","1787","0","[[1,0,0],[0,0],[2]]","2","[[1,3,0],[2,0],[0]]","0","0","","","","","","3"
"","","","","","single-stim-button","328","2732474","0.0-4.0-10.1-1.1","60d9faa609c8dcb9e5e05481","F1","batch6","tol_toboard","1265","","","","","","","","","","","","","","tol_peg_1","1265","1265","0","[[1,3,0],[0,0],[2]]","2","[[1,3,0],[2,0],[0]]","0","0","","","","","","3"
"","","","","","single-stim-button","329","2733750","0.0-4.0-10.2-0.2","60d9faa609c8dcb9e5e05481","F1","batch6","tol_tohand","1275","","","","","","","","","","","","","","tol_peg_3","1275","1275","0","[[1,3,0],[0,0],[0]]","3","[[1,3,0],[2,0],[0]]","0","0","","","","","","3"
"","","","","","single-stim-button","330","2734956","0.0-4.0-10.2-1.2","60d9faa609c8dcb9e5e05481","F1","batch6","tol_toboard","1205","","","","","","","","","","","","","","tol_peg_2","1205","1205","0","[[1,3,0],[2,0],[0]]","3","[[1,3,0],[2,0],[0]]","0","0","","","","","","3"
"","","","","","poldrack-single-stim","331","2735960","0.0-4.0-11.0","60d9faa609c8dcb9e5e05481","F1","batch6","tol_feedback","-1","","","","","true","","","","","","","","","","1000","1000","500","","","","","","-1","none","true","4276","7338",""
"","","","","","html-button-response","332","2737248","0.0-4.0-12.0","60d9faa609c8dcb9e5e05481","F1","batch6","tol_trial_num","1286.5","<div class = centerbox><p class = center-block-text>problem <strong>2</strong> out of 25 problems</p></div>","0","","","","","","","","","","","","","","","","","","","","","","","","","",""
"","","","","","single-stim-button","333","2744368","0.0-4.0-13.0-0.0","60d9faa609c8dcb9e5e05481","F1","batch6","tol_tohand","7119","","","","","","","","","","","","","","tol_peg_1","7119","7119","0","[[1,0,0],[3,0],[0]]","1","[[2,1,3],[0,0],[0]]","1","0","","","","","","5"
"","","","","","single-stim-button","334","2747966","0.0-4.0-13.0-1.0","60d9faa609c8dcb9e5e05481","F1","batch6","tol_toboard","3597","","","","","","","","","","","","","","tol_peg_3","3597","3597","0","[[1,0,0],[3,0],[2]]","1","[[2,1,3],[0,0],[0]]","1","0","","","","","","5"
"","","","","","single-stim-button","335","2749208","0.0-4.0-13.1-0.1","60d9faa609c8dcb9e5e05481","F1","batch6","tol_tohand","1241","","","","","","","","","","","","","","tol_peg_1","1241","1241","0","[[0,0,0],[3,0],[2]]","2","[[2,1,3],[0,0],[0]]","1","0","","","","","","5"
"","","","","","single-stim-button","336","2759104","0.0-4.0-13.1-1.1","60d9faa609c8dcb9e5e05481","F1","batch6","tol_toboard","9895","","","","","","","","","","","","","","tol_peg_1","9895","9895","0","[[1,0,0],[3,0],[2]]","2","[[2,1,3],[0,0],[0]]","1","0","","","","","","5"
"","","","","","single-stim-button","337","2761074","0.0-4.0-13.2-0.2","60d9faa609c8dcb9e5e05481","F1","batch6","tol_tohand","1970","","","","","","","","","","","","","","tol_peg_2","1970","1970","0","[[1,0,0],[0,0],[2]]","3","[[2,1,3],[0,0],[0]]","1","0","","","","","","5"
"","","","","","single-stim-button","338","2769282","0.0-4.0-13.2-1.2","60d9faa609c8dcb9e5e05481","F1","batch6","tol_toboard","8207","","","","","","","","","","","","","","tol_peg_2","8207","8207","0","[[1,0,0],[3,0],[2]]","3","[[2,1,3],[0,0],[0]]","1","0","","","","","","5"
"","","","","","single-stim-button","339","2777739","0.0-4.0-13.3-0.3","60d9faa609c8dcb9e5e05481","F1","batch6","tol_tohand","8457","","","","","","","","","","","","","","tol_peg_1","8457","8457","0","[[0,0,0],[3,0],[2]]","4","[[2,1,3],[0,0],[0]]","1","0","","","","","","5"
"","","","","","single-stim-button","340","2784759","0.0-4.0-13.3-1.3","60d9faa609c8dcb9e5e05481","F1","batch6","tol_toboard","7019","","","","","","","","","","","","","","tol_peg_1","7019","7019","0","[[1,0,0],[3,0],[2]]","4","[[2,1,3],[0,0],[0]]","1","0","","","","","","5"
"","","","","","single-stim-button","341","2788047","0.0-4.0-13.4-0.4","60d9faa609c8dcb9e5e05481","F1","batch6","tol_tohand","3288","","","","","","","","","","","","","","tol_peg_3","3288","3288","0","[[1,0,0],[3,0],[0]]","5","[[2,1,3],[0,0],[0]]","1","0","","","","","","5"
"","","","","","single-stim-button","342","2797951","0.0-4.0-13.4-1.4","60d9faa609c8dcb9e5e05481","F1","batch6","tol_toboard","9903","","","","","","","","","","","","","","tol_peg_3","9903","9903","0","[[1,0,0],[3,0],[2]]","5","[[2,1,3],[0,0],[0]]","1","0","","","","","","5"
"","","","","","single-stim-button","343","2799159","0.0-4.0-13.5-0.5","60d9faa609c8dcb9e5e05481","F1","batch6","tol_tohand","1207","","","","","","","","","","","","","","tol_peg_1","1207","1207","0","[[0,0,0],[3,0],[2]]","6","[[2,1,3],[0,0],[0]]","1","0","","","","","","5"
"","","","","","single-stim-button","344","2801961","0.0-4.0-13.5-1.5","60d9faa609c8dcb9e5e05481","F1","batch6","tol_toboard","2802","","","","","","","","","","","","","","tol_peg_2","2802","2802","0","[[0,0,0],[3,1],[2]]","6","[[2,1,3],[0,0],[0]]","1","0","","","","","","5"
"","","","","","single-stim-button","345","2803209","0.0-4.0-13.6-0.6","60d9faa609c8dcb9e5e05481","F1","batch6","tol_tohand","1248","","","","","","","","","","","","","","tol_peg_3","1248","1248","0","[[0,0,0],[3,1],[0]]","7","[[2,1,3],[0,0],[0]]","1","0","","","","","","5"
"","","","","","single-stim-button","346","2804761","0.0-4.0-13.6-1.6","60d9faa609c8dcb9e5e05481","F1","batch6","tol_toboard","1552","","","","","","","","","","","","","","tol_peg_1","1552","1552","0","[[2,0,0],[3,1],[0]]","7","[[2,1,3],[0,0],[0]]","1","0","","","","","","5"
"","","","","","single-stim-button","347","2806239","0.0-4.0-13.7-0.7","60d9faa609c8dcb9e5e05481","F1","batch6","tol_tohand","1477","","","","","","","","","","","","","","tol_peg_2","1477","1477","0","[[2,0,0],[3,0],[0]]","8","[[2,1,3],[0,0],[0]]","1","0","","","","","","5"
"","","","","","single-stim-button","348","2807569","0.0-4.0-13.7-1.7","60d9faa609c8dcb9e5e05481","F1","batch6","tol_toboard","1330","","","","","","","","","","","","","","tol_peg_1","1330","1330","0","[[2,1,0],[3,0],[0]]","8","[[2,1,3],[0,0],[0]]","1","0","","","","","","5"
"","","","","","single-stim-button","349","2808549","0.0-4.0-13.8-0.8","60d9faa609c8dcb9e5e05481","F1","batch6","tol_tohand","980","","","","","","","","","","","","","","tol_peg_2","980","980","0","[[2,1,0],[0,0],[0]]","9","[[2,1,3],[0,0],[0]]","1","0","","","","","","5"
"","","","","","single-stim-button","350","2809717","0.0-4.0-13.8-1.8","60d9faa609c8dcb9e5e05481","F1","batch6","tol_toboard","1168","","","","","","","","","","","","","","tol_peg_1","1168","1168","0","[[2,1,3],[0,0],[0]]","9","[[2,1,3],[0,0],[0]]","1","0","","","","","","5"
"","","","","","poldrack-single-stim","351","2810725","0.0-4.0-14.0","60d9faa609c8dcb9e5e05481","F1","batch6","tol_feedback","-1","","","","","true","","","","","","","","","","1000","1000","500","","","","","","-1","none","true","7119","26987",""
"","","","","","html-button-response","352","2812219","0.0-4.0-15.0","60d9faa609c8dcb9e5e05481","F1","batch6","tol_trial_num","1492.6999999284744","<div class = centerbox><p class = center-block-text>problem <strong>3</strong> out of 25 problems</p></div>","0","","","","","","","","","","","","","","","","","","","","","","","","","",""
"","","","","","single-stim-button","353","2816925","0.0-4.0-16.0-0.0","60d9faa609c8dcb9e5e05481","F1","batch6","tol_tohand","4706","","","","","","","","","","","","","","tol_peg_1","4706","4706","0","[[2,0,0],[0,0],[1]]","1","[[1,2,0],[3,0],[0]]","2","0","","","","","","4"
"","","","","","single-stim-button","354","2819701","0.0-4.0-16.0-1.0","60d9faa609c8dcb9e5e05481","F1","batch6","tol_toboard","2775","","","","","","","","","","","","","","tol_peg_2","2775","2775","0","[[2,0,0],[3,0],[1]]","1","[[1,2,0],[3,0],[0]]","2","0","","","","","","4"
"","","","","","single-stim-button","355","2823691","0.0-4.0-16.1-0.1","60d9faa609c8dcb9e5e05481","F1","batch6","tol_tohand","3989","","","","","","","","","","","","","","tol_peg_3","3989","3989","0","[[2,0,0],[3,0],[0]]","2","[[1,2,0],[3,0],[0]]","2","0","","","","","","4"
"","","","","","single-stim-button","356","2830045","0.0-4.0-16.1-1.1","60d9faa609c8dcb9e5e05481","F1","batch6","tol_toboard","6353","","","","","","","","","","","","","","tol_peg_2","6353","6353","0","[[2,0,0],[3,1],[0]]","2","[[1,2,0],[3,0],[0]]","2","0","","","","","","4"
"","","","","","single-stim-button","357","2831943","0.0-4.0-16.2-0.2","60d9faa609c8dcb9e5e05481","F1","batch6","tol_tohand","1898","","","","","","","","","","","","","","tol_peg_1","1898","1898","0","[[0,0,0],[3,1],[0]]","3","[[1,2,0],[3,0],[0]]","2","0","","","","","","4"
"","","","","","single-stim-button","358","2834627","0.0-4.0-16.2-1.2","60d9faa609c8dcb9e5e05481","F1","batch6","tol_toboard","2684","","","","","","","","","","","","","","tol_peg_3","2684","2684","0","[[0,0,0],[3,1],[2]]","3","[[1,2,0],[3,0],[0]]","2","0","","","","","","4"
"","","","","","single-stim-button","359","2835879","0.0-4.0-16.3-0.3","60d9faa609c8dcb9e5e05481","F1","batch6","tol_tohand","1251","","","","","","","","","","","","","","tol_peg_2","1251","1251","0","[[0,0,0],[3,0],[2]]","4","[[1,2,0],[3,0],[0]]","2","0","","","","","","4"
"","","","","","single-stim-button","360","2837283","0.0-4.0-16.3-1.3","60d9faa609c8dcb9e5e05481","F1","batch6","tol_toboard","1404","","","","","","","","","","","","","","tol_peg_1","1404","1404","0","[[1,0,0],[3,0],[2]]","4","[[1,2,0],[3,0],[0]]","2","0","","","","","","4"
"","","","","","single-stim-button","361","2838395","0.0-4.0-16.4-0.4","60d9faa609c8dcb9e5e05481","F1","batch6","tol_tohand","1112","","","","","","","","","","","","","","tol_peg_3","1112","1112","0","[[1,0,0],[3,0],[0]]","5","[[1,2,0],[3,0],[0]]","2","0","","","","","","4"
"","","","","","single-stim-button","362","2839837","0.0-4.0-16.4-1.4","60d9faa609c8dcb9e5e05481","F1","batch6","tol_toboard","1441","","","","","","","","","","","","","","tol_peg_1","1441","1441","0","[[1,2,0],[3,0],[0]]","5","[[1,2,0],[3,0],[0]]","2","0","","","","","","4"
"","","","","","poldrack-single-stim","363","2840838","0.0-4.0-17.0","60d9faa609c8dcb9e5e05481","F1","batch6","tol_feedback","-1","","","","","true","","","","","","","","","","1000","1000","500","","","","","","-1","none","true","4706","12956",""
"","","","","","html-button-response","364","2842093","0.0-4.0-18.0","60d9faa609c8dcb9e5e05481","F1","batch6","tol_trial_num","1253.2000000476837","<div class = centerbox><p class = center-block-text>problem <strong>4</strong> out of 25 problems</p></div>","0","","","","","","","","","","","","","","","","","","","","","","","","","",""
"","","","","","single-stim-button","365","2847369","0.0-4.0-19.0-0.0","60d9faa609c8dcb9e5e05481","F1","batch6","tol_tohand","5276","","","","","","","","","","","","","","tol_peg_2","5276","5276","0","[[3,0,0],[2,0],[0]]","1","[[3,0,0],[1,0],[2]]","3","0","","","","","","3"
"","","","","","single-stim-button","366","2849165","0.0-4.0-19.0-1.0","60d9faa609c8dcb9e5e05481","F1","batch6","tol_toboard","1795","","","","","","","","","","","","","","tol_peg_3","1795","1795","0","[[3,0,0],[2,0],[1]]","1","[[3,0,0],[1,0],[2]]","3","0","","","","","","3"
"","","","","","single-stim-button","367","2850181","0.0-4.0-19.1-0.1","60d9faa609c8dcb9e5e05481","F1","batch6","tol_tohand","1015","","","","","","","","","","","","","","tol_peg_2","1015","1015","0","[[3,0,0],[0,0],[1]]","2","[[3,0,0],[1,0],[2]]","3","0","","","","","","3"
"","","","","","single-stim-button","368","2855745","0.0-4.0-19.1-1.1","60d9faa609c8dcb9e5e05481","F1","batch6","tol_toboard","5564","","","","","","","","","","","","","","tol_peg_2","5564","5564","0","[[3,0,0],[2,0],[1]]","2","[[3,0,0],[1,0],[2]]","3","0","","","","","","3"
"","","","","","single-stim-button","369","2856817","0.0-4.0-19.2-0.2","60d9faa609c8dcb9e5e05481","F1","batch6","tol_tohand","1071","","","","","","","","","","","","","","tol_peg_3","1071","1071","0","[[3,0,0],[2,0],[0]]","3","[[3,0,0],[1,0],[2]]","3","0","","","","","","3"
"","","","","","single-stim-button","370","2859157","0.0-4.0-19.2-1.2","60d9faa609c8dcb9e5e05481","F1","batch6","tol_toboard","2339","","","","","","","","","","","","","","tol_peg_1","2339","2339","0","[[3,1,0],[2,0],[0]]","3","[[3,0,0],[1,0],[2]]","3","0","","","","","","3"
"","","","","","single-stim-button","371","2860717","0.0-4.0-19.3-0.3","60d9faa609c8dcb9e5e05481","F1","batch6","tol_tohand","1559","","","","","","","","","","","","","","tol_peg_2","1559","1559","0","[[3,1,0],[0,0],[0]]","4","[[3,0,0],[1,0],[2]]","3","0","","","","","","3"
"","","","","","single-stim-button","372","2862183","0.0-4.0-19.3-1.3","60d9faa609c8dcb9e5e05481","F1","batch6","tol_toboard","1466","","","","","","","","","","","","","","tol_peg_3","1466","1466","0","[[3,1,0],[0,0],[2]]","4","[[3,0,0],[1,0],[2]]","3","0","","","","","","3"
"","","","","","single-stim-button","373","2863279","0.0-4.0-19.4-0.4","60d9faa609c8dcb9e5e05481","F1","batch6","tol_tohand","1095","","","","","","","","","","","","","","tol_peg_1","1095","1095","0","[[3,0,0],[0,0],[2]]","5","[[3,0,0],[1,0],[2]]","3","0","","","","","","3"
"","","","","","single-stim-button","374","2864947","0.0-4.0-19.4-1.4","60d9faa609c8dcb9e5e05481","F1","batch6","tol_toboard","1668","","","","","","","","","","","","","","tol_peg_2","1668","1668","0","[[3,0,0],[1,0],[2]]","5","[[3,0,0],[1,0],[2]]","3","0","","","","","","3"
"","","","","","poldrack-single-stim","375","2865949","0.0-4.0-20.0","60d9faa609c8dcb9e5e05481","F1","batch6","tol_feedback","-1","","","","","true","","","","","","","","","","1000","1000","500","","","","","","-1","none","true","5276","10016",""
"","","","","","html-button-response","376","2867177","0.0-4.0-21.0","60d9faa609c8dcb9e5e05481","F1","batch6","tol_trial_num","1227.2999999523163","<div class = centerbox><p class = center-block-text>problem <strong>5</strong> out of 25 problems</p></div>","0","","","","","","","","","","","","","","","","","","","","","","","","","",""
"","","","","","single-stim-button","377","2882623","0.0-4.0-22.0-0.0","60d9faa609c8dcb9e5e05481","F1","batch6","tol_tohand","15446","","","","","","","","","","","","","","tol_peg_3","15446","15446","0","[[1,0,0],[2,0],[0]]","1","[[0,0,0],[1,2],[3]]","4","0","","","","","","7"
"","","","","","single-stim-button","378","2883865","0.0-4.0-22.0-1.0","60d9faa609c8dcb9e5e05481","F1","batch6","tol_toboard","1241","","","","","","","","","","","","","","tol_peg_1","1241","1241","0","[[1,3,0],[2,0],[0]]","1","[[0,0,0],[1,2],[3]]","4","0","","","","","","7"
"","","","","","single-stim-button","379","2885291","0.0-4.0-22.1-0.1","60d9faa609c8dcb9e5e05481","F1","batch6","tol_tohand","1425","","","","","","","","","","","","","","tol_peg_2","1425","1425","0","[[1,3,0],[0,0],[0]]","2","[[0,0,0],[1,2],[3]]","4","0","","","","","","7"
"","","","","","single-stim-button","380","2886717","0.0-4.0-22.1-1.1","60d9faa609c8dcb9e5e05481","F1","batch6","tol_toboard","1425","","","","","","","","","","","","","","tol_peg_3","1425","1425","0","[[1,3,0],[0,0],[2]]","2","[[0,0,0],[1,2],[3]]","4","0","","","","","","7"
"","","","","","single-stim-button","381","2887927","0.0-4.0-22.2-0.2","60d9faa609c8dcb9e5e05481","F1","batch6","tol_tohand","1209","","","","","","","","","","","","","","tol_peg_1","1209","1209","0","[[1,0,0],[0,0],[2]]","3","[[0,0,0],[1,2],[3]]","4","0","","","","","","7"
"","","","","","single-stim-button","382","2890465","0.0-4.0-22.2-1.2","60d9faa609c8dcb9e5e05481","F1","batch6","tol_toboard","2538","","","","","","","","","","","","","","tol_peg_2","2538","2538","0","[[1,0,0],[3,0],[2]]","3","[[0,0,0],[1,2],[3]]","4","0","","","","","","7"
"","","","","","single-stim-button","383","2891453","0.0-4.0-22.3-0.3","60d9faa609c8dcb9e5e05481","F1","batch6","tol_tohand","987","","","","","","","","","","","","","","tol_peg_3","987","987","0","[[1,0,0],[3,0],[0]]","4","[[0,0,0],[1,2],[3]]","4","0","","","","","","7"
"","","","","","single-stim-button","384","2892521","0.0-4.0-22.3-1.3","60d9faa609c8dcb9e5e05481","F1","batch6","tol_toboard","1067","","","","","","","","","","","","","","tol_peg_1","1067","1067","0","[[1,2,0],[3,0],[0]]","4","[[0,0,0],[1,2],[3]]","4","0","","","","","","7"
"","","","","","single-stim-button","385","2893621","0.0-4.0-22.4-0.4","60d9faa609c8dcb9e5e05481","F1","batch6","tol_tohand","1099","","","","","","","","","","","","","","tol_peg_2","1099","1099","0","[[1,2,0],[0,0],[0]]","5","[[0,0,0],[1,2],[3]]","4","0","","","","","","7"
"","","","","","single-stim-button","386","2894479","0.0-4.0-22.4-1.4","60d9faa609c8dcb9e5e05481","F1","batch6","tol_toboard","858","","","","","","","","","","","","","","tol_peg_3","858","858","0","[[1,2,0],[0,0],[3]]","5","[[0,0,0],[1,2],[3]]","4","0","","","","","","7"
"","","","","","single-stim-button","387","2900865","0.0-4.0-22.5-0.5","60d9faa609c8dcb9e5e05481","F1","batch6","tol_tohand","6385","","","","","","","","","","","","","","tol_peg_1","6385","6385","0","[[1,0,0],[0,0],[3]]","6","[[0,0,0],[1,2],[3]]","4","0","","","","","","7"
"","","","","","single-stim-button","388","2905031","0.0-4.0-22.5-1.5","60d9faa609c8dcb9e5e05481","F1","batch6","tol_toboard","4165","","","","","","","","","","","","","","tol_peg_1","4165","4165","0","[[1,2,0],[0,0],[3]]","6","[[0,0,0],[1,2],[3]]","4","0","","","","","","7"
"","","","","","single-stim-button","389","2906207","0.0-4.0-22.6-0.6","60d9faa609c8dcb9e5e05481","F1","batch6","tol_tohand","1175","","","","","","","","","","","","","","tol_peg_3","1175","1175","0","[[1,2,0],[0,0],[0]]","7","[[0,0,0],[1,2],[3]]","4","0","","","","","","7"
"","","","","","single-stim-button","390","2911429","0.0-4.0-22.6-1.6","60d9faa609c8dcb9e5e05481","F1","batch6","tol_toboard","5222","","","","","","","","","","","","","","tol_peg_2","5222","5222","0","[[1,2,0],[3,0],[0]]","7","[[0,0,0],[1,2],[3]]","4","0","","","","","","7"
"","","","","","single-stim-button","391","2912527","0.0-4.0-22.7-0.7","60d9faa609c8dcb9e5e05481","F1","batch6","tol_tohand","1097","","","","","","","","","","","","","","tol_peg_1","1097","1097","0","[[1,0,0],[3,0],[0]]","8","[[0,0,0],[1,2],[3]]","4","0","","","","","","7"
"","","","","","single-stim-button","392","2914259","0.0-4.0-22.7-1.7","60d9faa609c8dcb9e5e05481","F1","batch6","tol_toboard","1732","","","","","","","","","","","","","","tol_peg_3","1732","1732","0","[[1,0,0],[3,0],[2]]","8","[[0,0,0],[1,2],[3]]","4","0","","","","","","7"
"","","","","","single-stim-button","393","2915809","0.0-4.0-22.8-0.8","60d9faa609c8dcb9e5e05481","F1","batch6","tol_tohand","1550","","","","","","","","","","","","","","tol_peg_2","1550","1550","0","[[1,0,0],[0,0],[2]]","9","[[0,0,0],[1,2],[3]]","4","0","","","","","","7"
"","","","","","single-stim-button","394","2920781","0.0-4.0-22.8-1.8","60d9faa609c8dcb9e5e05481","F1","batch6","tol_toboard","4971","","","","","","","","","","","","","","tol_peg_2","4971","4971","0","[[1,0,0],[3,0],[2]]","9","[[0,0,0],[1,2],[3]]","4","0","","","","","","7"
"","","","","","single-stim-button","395","2924557","0.0-4.0-22.9-0.9","60d9faa609c8dcb9e5e05481","F1","batch6","tol_tohand","3775","","","","","","","","","","","","","","tol_peg_1","3775","3775","0","[[0,0,0],[3,0],[2]]","10","[[0,0,0],[1,2],[3]]","4","0","","","","","","7"
"","","","","","single-stim-button","396","2931555","0.0-4.0-22.9-1.9","60d9faa609c8dcb9e5e05481","F1","batch6","tol_toboard","6998","","","","","","","","","","","","","","tol_peg_1","6998","6998","0","[[1,0,0],[3,0],[2]]","10","[[0,0,0],[1,2],[3]]","4","0","","","","","","7"
"","","","","","single-stim-button","397","2937753","0.0-4.0-22.10-0.10","60d9faa609c8dcb9e5e05481","F1","batch6","tol_tohand","6198","","","","","","","","","","","","","","tol_peg_3","6198","6198","0","[[1,0,0],[3,0],[0]]","11","[[0,0,0],[1,2],[3]]","4","0","","","","","","7"
"","","","","","single-stim-button","398","2940999","0.0-4.0-22.10-1.10","60d9faa609c8dcb9e5e05481","F1","batch6","tol_toboard","3245","","","","","","","","","","","","","","tol_peg_1","3245","3245","0","[[1,2,0],[3,0],[0]]","11","[[0,0,0],[1,2],[3]]","4","0","","","","","","7"
"","","","","","single-stim-button","399","2941939","0.0-4.0-22.11-0.11","60d9faa609c8dcb9e5e05481","F1","batch6","tol_tohand","939","","","","","","","","","","","","","","tol_peg_2","939","939","0","[[1,2,0],[0,0],[0]]","12","[[0,0,0],[1,2],[3]]","4","0","","","","","","7"
"","","","","","single-stim-button","400","2943635","0.0-4.0-22.11-1.11","60d9faa609c8dcb9e5e05481","F1","batch6","tol_toboard","1695","","","","","","","","","","","","","","tol_peg_3","1695","1695","0","[[1,2,0],[0,0],[3]]","12","[[0,0,0],[1,2],[3]]","4","0","","","","","","7"
"","","","","","single-stim-button","401","2947863","0.0-4.0-22.12-0.12","60d9faa609c8dcb9e5e05481","F1","batch6","tol_tohand","4227","","","","","","","","","","","","","","tol_peg_1","4227","4227","0","[[1,0,0],[0,0],[3]]","13","[[0,0,0],[1,2],[3]]","4","0","","","","","","7"
"","","","","","single-stim-button","402","2952743","0.0-4.0-22.12-1.12","60d9faa609c8dcb9e5e05481","F1","batch6","tol_toboard","4879","","","","","","","","","","","","","","tol_peg_2","4879","4879","0","[[1,0,0],[2,0],[3]]","13","[[0,0,0],[1,2],[3]]","4","0","","","","","","7"
"","","","","","single-stim-button","403","2954435","0.0-4.0-22.13-0.13","60d9faa609c8dcb9e5e05481","F1","batch6","tol_tohand","1692","","","","","","","","","","","","","","tol_peg_1","1692","1692","0","[[0,0,0],[2,0],[3]]","14","[[0,0,0],[1,2],[3]]","4","0","","","","","","7"
"","","","","","single-stim-button","404","2956997","0.0-4.0-22.13-1.13","60d9faa609c8dcb9e5e05481","F1","batch6","tol_toboard","2562","","","","","","","","","","","","","","tol_peg_2","2562","2562","0","[[0,0,0],[2,1],[3]]","14","[[0,0,0],[1,2],[3]]","4","0","","","","","","7"
"","","","","","single-stim-button","405","2957875","0.0-4.0-22.14-0.14","60d9faa609c8dcb9e5e05481","F1","batch6","tol_tohand","878","","","","","","","","","","","","","","tol_peg_2","878","878","0","[[0,0,0],[2,0],[3]]","15","[[0,0,0],[1,2],[3]]","4","0","","","","","","7"
"","","","","","single-stim-button","406","2963327","0.0-4.0-22.14-1.14","60d9faa609c8dcb9e5e05481","F1","batch6","tol_toboard","5452","","","","","","","","","","","","","","tol_peg_1","5452","5452","0","[[1,0,0],[2,0],[3]]","15","[[0,0,0],[1,2],[3]]","4","0","","","","","","7"
"","","","","","single-stim-button","407","2964555","0.0-4.0-22.15-0.15","60d9faa609c8dcb9e5e05481","F1","batch6","tol_tohand","1228","","","","","","","","","","","","","","tol_peg_2","1228","1228","0","[[1,0,0],[0,0],[3]]","16","[[0,0,0],[1,2],[3]]","4","0","","","","","","7"
"","","","","","single-stim-button","408","2973215","0.0-4.0-22.15-1.15","60d9faa609c8dcb9e5e05481","F1","batch6","tol_toboard","8660","","","","","","","","","","","","","","tol_peg_2","8660","8660","0","[[1,0,0],[2,0],[3]]","16","[[0,0,0],[1,2],[3]]","4","0","","","","","","7"
"","","","","","single-stim-button","409","2974157","0.0-4.0-22.16-0.16","60d9faa609c8dcb9e5e05481","F1","batch6","tol_tohand","942","","","","","","","","","","","","","","tol_peg_3","942","942","0","[[1,0,0],[2,0],[0]]","17","[[0,0,0],[1,2],[3]]","4","0","","","","","","7"
"","","","","","single-stim-button","410","2975197","0.0-4.0-22.16-1.16","60d9faa609c8dcb9e5e05481","F1","batch6","tol_toboard","1040","","","","","","","","","","","","","","tol_peg_1","1040","1040","0","[[1,3,0],[2,0],[0]]","17","[[0,0,0],[1,2],[3]]","4","0","","","","","","7"
"","","","","","single-stim-button","411","2977043","0.0-4.0-22.17-0.17","60d9faa609c8dcb9e5e05481","F1","batch6","tol_tohand","1846","","","","","","","","","","","","","","tol_peg_2","1846","1846","0","[[1,3,0],[0,0],[0]]","18","[[0,0,0],[1,2],[3]]","4","0","","","","","","7"
"","","","","","single-stim-button","412","2978893","0.0-4.0-22.17-1.17","60d9faa609c8dcb9e5e05481","F1","batch6","tol_toboard","1850","","","","","","","","","","","","","","tol_peg_1","1850","1850","0","[[1,3,2],[0,0],[0]]","18","[[0,0,0],[1,2],[3]]","4","0","","","","","","7"
"","","","","","single-stim-button","413","2990653","0.0-4.0-22.18-0.18","60d9faa609c8dcb9e5e05481","F1","batch6","tol_tohand","11760","","","","","","","","","","","","","","tol_peg_1","11760","11760","0","[[1,3,0],[0,0],[0]]","19","[[0,0,0],[1,2],[3]]","4","0","","","","","","7"
"","","","","","single-stim-button","414","2993793","0.0-4.0-22.18-1.18","60d9faa609c8dcb9e5e05481","F1","batch6","tol_toboard","3139","","","","","","","","","","","","","","tol_peg_3","3139","3139","0","[[1,3,0],[0,0],[2]]","19","[[0,0,0],[1,2],[3]]","4","0","","","","","","7"
"","","","","","single-stim-button","415","3000545","0.0-4.0-22.19-0.19","60d9faa609c8dcb9e5e05481","F1","batch6","tol_tohand","6752","","","","","","","","","","","","","","tol_peg_1","6752","6752","0","[[1,0,0],[0,0],[2]]","20","[[0,0,0],[1,2],[3]]","4","0","","","","","","7"
"","","","","","single-stim-button","416","3002225","0.0-4.0-22.19-1.19","60d9faa609c8dcb9e5e05481","F1","batch6","tol_toboard","1680","","","","","","","","","","","","","","tol_peg_2","1680","1680","0","[[1,0,0],[3,0],[2]]","20","[[0,0,0],[1,2],[3]]","4","0","","","","","","7"
"","","","","","single-stim-button","417","3003397","0.0-4.0-22.20-0.20","60d9faa609c8dcb9e5e05481","F1","batch6","tol_tohand","1172","","","","","","","","","","","","","","tol_peg_1","1172","1172","0","[[0,0,0],[3,0],[2]]","21","[[0,0,0],[1,2],[3]]","4","0","","","","","","7"
"","","","","","single-stim-button","418","3006375","0.0-4.0-22.20-1.20","60d9faa609c8dcb9e5e05481","F1","batch6","tol_toboard","2978","","","","","","","","","","","","","","tol_peg_2","2978","2978","0","[[0,0,0],[3,1],[2]]","21","[[0,0,0],[1,2],[3]]","4","0","","","","","","7"
"","","","","","single-stim-button","419","3007431","0.0-4.0-22.21-0.21","60d9faa609c8dcb9e5e05481","F1","batch6","tol_tohand","1056","","","","","","","","","","","","","","tol_peg_3","1056","1056","0","[[0,0,0],[3,1],[0]]","22","[[0,0,0],[1,2],[3]]","4","0","","","","","","7"
"","","","","","single-stim-button","420","3008737","0.0-4.0-22.21-1.21","60d9faa609c8dcb9e5e05481","F1","batch6","tol_toboard","1306","","","","","","","","","","","","","","tol_peg_1","1306","1306","0","[[2,0,0],[3,1],[0]]","22","[[0,0,0],[1,2],[3]]","4","0","","","","","","7"
"","","","","","single-stim-button","421","3013503","0.0-4.0-22.22-0.22","60d9faa609c8dcb9e5e05481","F1","batch6","tol_tohand","4766","","","","","","","","","","","","","","tol_peg_2","4766","4766","0","[[2,0,0],[3,0],[0]]","23","[[0,0,0],[1,2],[3]]","4","0","","","","","","7"
"","","","","","single-stim-button","422","3015123","0.0-4.0-22.22-1.22","60d9faa609c8dcb9e5e05481","F1","batch6","tol_toboard","1620","","","","","","","","","","","","","","tol_peg_1","1620","1620","0","[[2,1,0],[3,0],[0]]","23","[[0,0,0],[1,2],[3]]","4","0","","","","","","7"
"","","","","","single-stim-button","423","3016993","0.0-4.0-22.23-0.23","60d9faa609c8dcb9e5e05481","F1","batch6","tol_tohand","1869","","","","","","","","","","","","","","tol_peg_2","1869","1869","0","[[2,1,0],[0,0],[0]]","24","[[0,0,0],[1,2],[3]]","4","0","","","","","","7"
"","","","","","single-stim-button","424","3018169","0.0-4.0-22.23-1.23","60d9faa609c8dcb9e5e05481","F1","batch6","tol_toboard","1176","","","","","","","","","","","","","","tol_peg_3","1176","1176","0","[[2,1,0],[0,0],[3]]","24","[[0,0,0],[1,2],[3]]","4","0","","","","","","7"
"","","","","","single-stim-button","425","3020325","0.0-4.0-22.24-0.24","60d9faa609c8dcb9e5e05481","F1","batch6","tol_tohand","2155","","","","","","","","","","","","","","tol_peg_1","2155","2155","0","[[2,0,0],[0,0],[3]]","25","[[0,0,0],[1,2],[3]]","4","0","","","","","","7"
"","","","","","single-stim-button","426","3021747","0.0-4.0-22.24-1.24","60d9faa609c8dcb9e5e05481","F1","batch6","tol_toboard","1422","","","","","","","","","","","","","","tol_peg_2","1422","1422","0","[[2,0,0],[1,0],[3]]","25","[[0,0,0],[1,2],[3]]","4","0","","","","","","7"
"","","","","","single-stim-button","427","3022729","0.0-4.0-22.25-0.25","60d9faa609c8dcb9e5e05481","F1","batch6","tol_tohand","981","","","","","","","","","","","","","","tol_peg_1","981","981","0","[[0,0,0],[1,0],[3]]","26","[[0,0,0],[1,2],[3]]","4","0","","","","","","7"
"","","","","","single-stim-button","428","3024189","0.0-4.0-22.25-1.25","60d9faa609c8dcb9e5e05481","F1","batch6","tol_toboard","1460","","","","","","","","","","","","","","tol_peg_2","1460","1460","0","[[0,0,0],[1,2],[3]]","26","[[0,0,0],[1,2],[3]]","4","0","","","","","","7"
"","","","","","poldrack-single-stim","429","3025191","0.0-4.0-23.0","60d9faa609c8dcb9e5e05481","F1","batch6","tol_feedback","-1","","","","","true","","","","","","","","","","1000","1000","500","","","","","","-1","none","true","15446","82609",""
"","","","","","html-button-response","430","3026533","0.0-4.0-24.0","60d9faa609c8dcb9e5e05481","F1","batch6","tol_trial_num","1341.3999999761581","<div class = centerbox><p class = center-block-text>problem <strong>6</strong> out of 25 problems</p></div>","0","","","","","","","","","","","","","","","","","","","","","","","","","",""
"","","","","","single-stim-button","431","3045739","0.0-4.0-25.0-0.0","60d9faa609c8dcb9e5e05481","F1","batch6","tol_tohand","19205","","","","","","","","","","","","","","tol_peg_3","19205","19205","0","[[0,0,0],[1,2],[0]]","1","[[1,0,0],[2,3],[0]]","5","0","","","","","","6"
"","","","","","single-stim-button","432","3051441","0.0-4.0-25.0-1.0","60d9faa609c8dcb9e5e05481","F1","batch6","tol_toboard","5701","","","","","","","","","","","","","","tol_peg_1","5701","5701","0","[[3,0,0],[1,2],[0]]","1","[[1,0,0],[2,3],[0]]","5","0","","","","","","6"
"","","","","","single-stim-button","433","3052609","0.0-4.0-25.1-0.1","60d9faa609c8dcb9e5e05481","F1","batch6","tol_tohand","1167","","","","","","","","","","","","","","tol_peg_2","1167","1167","0","[[3,0,0],[1,0],[0]]","2","[[1,0,0],[2,3],[0]]","5","0","","","","","","6"
"","","","","","single-stim-button","434","3056317","0.0-4.0-25.1-1.1","60d9faa609c8dcb9e5e05481","F1","batch6","tol_toboard","3708","","","","","","","","","","","","","","tol_peg_3","3708","3708","0","[[3,0,0],[1,0],[2]]","2","[[1,0,0],[2,3],[0]]","5","0","","","","","","6"
"","","","","","single-stim-button","435","3058685","0.0-4.0-25.2-0.2","60d9faa609c8dcb9e5e05481","F1","batch6","tol_tohand","2367","","","","","","","","","","","","","","tol_peg_1","2367","2367","0","[[0,0,0],[1,0],[2]]","3","[[1,0,0],[2,3],[0]]","5","0","","","","","","6"
"","","","","","single-stim-button","436","3062093","0.0-4.0-25.2-1.2","60d9faa609c8dcb9e5e05481","F1","batch6","tol_toboard","3408","","","","","","","","","","","","","","tol_peg_2","3408","3408","0","[[0,0,0],[1,3],[2]]","3","[[1,0,0],[2,3],[0]]","5","0","","","","","","6"
"","","","","","single-stim-button","437","3064657","0.0-4.0-25.3-0.3","60d9faa609c8dcb9e5e05481","F1","batch6","tol_tohand","2563","","","","","","","","","","","","","","tol_peg_2","2563","2563","0","[[0,0,0],[1,0],[2]]","4","[[1,0,0],[2,3],[0]]","5","0","","","","","","6"
"","","","","","single-stim-button","438","3073415","0.0-4.0-25.3-1.3","60d9faa609c8dcb9e5e05481","F1","batch6","tol_toboard","8758","","","","","","","","","","","","","","tol_peg_1","8758","8758","0","[[3,0,0],[1,0],[2]]","4","[[1,0,0],[2,3],[0]]","5","0","","","","","","6"
"","","","","","single-stim-button","439","3074372","0.0-4.0-25.4-0.4","60d9faa609c8dcb9e5e05481","F1","batch6","tol_tohand","956","","","","","","","","","","","","","","tol_peg_3","956","956","0","[[3,0,0],[1,0],[0]]","5","[[1,0,0],[2,3],[0]]","5","0","","","","","","6"
"","","","","","single-stim-button","440","3082618","0.0-4.0-25.4-1.4","60d9faa609c8dcb9e5e05481","F1","batch6","tol_toboard","8246","","","","","","","","","","","","","","tol_peg_3","8246","8246","0","[[3,0,0],[1,0],[2]]","5","[[1,0,0],[2,3],[0]]","5","0","","","","","","6"
"","","","","","single-stim-button","441","3084206","0.0-4.0-25.5-0.5","60d9faa609c8dcb9e5e05481","F1","batch6","tol_tohand","1588","","","","","","","","","","","","","","tol_peg_2","1588","1588","0","[[3,0,0],[0,0],[2]]","6","[[1,0,0],[2,3],[0]]","5","0","","","","","","6"
"","","","","","single-stim-button","442","3086974","0.0-4.0-25.5-1.5","60d9faa609c8dcb9e5e05481","F1","batch6","tol_toboard","2768","","","","","","","","","","","","","","tol_peg_1","2768","2768","0","[[3,1,0],[0,0],[2]]","6","[[1,0,0],[2,3],[0]]","5","0","","","","","","6"
"","","","","","single-stim-button","443","3088816","0.0-4.0-25.6-0.6","60d9faa609c8dcb9e5e05481","F1","batch6","tol_tohand","1842","","","","","","","","","","","","","","tol_peg_3","1842","1842","0","[[3,1,0],[0,0],[0]]","7","[[1,0,0],[2,3],[0]]","5","0","","","","","","6"
"","","","","","single-stim-button","444","3091834","0.0-4.0-25.6-1.6","60d9faa609c8dcb9e5e05481","F1","batch6","tol_toboard","3018","","","","","","","","","","","","","","tol_peg_2","3018","3018","0","[[3,1,0],[2,0],[0]]","7","[[1,0,0],[2,3],[0]]","5","0","","","","","","6"
"","","","","","single-stim-button","445","3094872","0.0-4.0-25.7-0.7","60d9faa609c8dcb9e5e05481","F1","batch6","tol_tohand","3038","","","","","","","","","","","","","","tol_peg_1","3038","3038","0","[[3,0,0],[2,0],[0]]","8","[[1,0,0],[2,3],[0]]","5","0","","","","","","6"
"","","","","","single-stim-button","446","3096314","0.0-4.0-25.7-1.7","60d9faa609c8dcb9e5e05481","F1","batch6","tol_toboard","1441","","","","","","","","","","","","","","tol_peg_2","1441","1441","0","[[3,0,0],[2,1],[0]]","8","[[1,0,0],[2,3],[0]]","5","0","","","","","","6"
"","","","","","single-stim-button","447","3097620","0.0-4.0-25.8-0.8","60d9faa609c8dcb9e5e05481","F1","batch6","tol_tohand","1306","","","","","","","","","","","","","","tol_peg_1","1306","1306","0","[[0,0,0],[2,1],[0]]","9","[[1,0,0],[2,3],[0]]","5","0","","","","","","6"
"","","","","","single-stim-button","448","3099988","0.0-4.0-25.8-1.8","60d9faa609c8dcb9e5e05481","F1","batch6","tol_toboard","2368","","","","","","","","","","","","","","tol_peg_3","2368","2368","0","[[0,0,0],[2,1],[3]]","9","[[1,0,0],[2,3],[0]]","5","0","","","","","","6"
"","","","","","single-stim-button","449","3102390","0.0-4.0-25.9-0.9","60d9faa609c8dcb9e5e05481","F1","batch6","tol_tohand","2402","","","","","","","","","","","","","","tol_peg_2","2402","2402","0","[[0,0,0],[2,0],[3]]","10","[[1,0,0],[2,3],[0]]","5","0","","","","","","6"
"","","","","","single-stim-button","450","3104134","0.0-4.0-25.9-1.9","60d9faa609c8dcb9e5e05481","F1","batch6","tol_toboard","1744","","","","","","","","","","","","","","tol_peg_1","1744","1744","0","[[1,0,0],[2,0],[3]]","10","[[1,0,0],[2,3],[0]]","5","0","","","","","","6"
"","","","","","single-stim-button","451","3105412","0.0-4.0-25.10-0.10","60d9faa609c8dcb9e5e05481","F1","batch6","tol_tohand","1278","","","","","","","","","","","","","","tol_peg_3","1278","1278","0","[[1,0,0],[2,0],[0]]","11","[[1,0,0],[2,3],[0]]","5","0","","","","","","6"
"","","","","","single-stim-button","452","3106250","0.0-4.0-25.10-1.10","60d9faa609c8dcb9e5e05481","F1","batch6","tol_toboard","838","","","","","","","","","","","","","","tol_peg_2","838","838","0","[[1,0,0],[2,3],[0]]","11","[[1,0,0],[2,3],[0]]","5","0","","","","","","6"
"","","","","","poldrack-single-stim","453","3107262","0.0-4.0-26.0","60d9faa609c8dcb9e5e05481","F1","batch6","tol_feedback","-1","","","","","true","","","","","","","","","","1000","1000","500","","","","","","-1","none","true","19205","37712",""
"","","","","","html-button-response","454","3108386","0.0-4.0-27.0","60d9faa609c8dcb9e5e05481","F1","batch6","tol_trial_num","1122.8999999761581","<div class = centerbox><p class = center-block-text>problem <strong>7</strong> out of 25 problems</p></div>","0","","","","","","","","","","","","","","","","","","","","","","","","","",""
"","","","","","single-stim-button","455","3118636","0.0-4.0-28.0-0.0","60d9faa609c8dcb9e5e05481","F1","batch6","tol_tohand","10250","","","","","","","","","","","","","","tol_peg_1","10250","10250","0","[[2,0,0],[0,0],[3]]","1","[[1,2,0],[3,0],[0]]","6","0","","","","","","5"
"","","","","","single-stim-button","456","3120606","0.0-4.0-28.0-1.0","60d9faa609c8dcb9e5e05481","F1","batch6","tol_toboard","1970","","","","","","","","","","","","","","tol_peg_2","1970","1970","0","[[2,0,0],[1,0],[3]]","1","[[1,2,0],[3,0],[0]]","6","0","","","","","","5"
"","","","","","single-stim-button","457","3121488","0.0-4.0-28.1-0.1","60d9faa609c8dcb9e5e05481","F1","batch6","tol_tohand","882","","","","","","","","","","","","","","tol_peg_1","882","882","0","[[0,0,0],[1,0],[3]]","2","[[1,2,0],[3,0],[0]]","6","0","","","","","","5"
"","","","","","single-stim-button","458","3134545","0.0-4.0-28.1-1.1","60d9faa609c8dcb9e5e05481","F1","batch6","tol_toboard","13057","","","","","","","","","","","","","","tol_peg_2","13057","13057","0","[[0,0,0],[1,2],[3]]","2","[[1,2,0],[3,0],[0]]","6","0","","","","","","5"
"","","","","","single-stim-button","459","3135315","0.0-4.0-28.2-0.2","60d9faa609c8dcb9e5e05481","F1","batch6","tol_tohand","769","","","","","","","","","","","","","","tol_peg_3","769","769","0","[[0,0,0],[1,2],[0]]","3","[[1,2,0],[3,0],[0]]","6","0","","","","","","5"
"","","","","","single-stim-button","460","3139385","0.0-4.0-28.2-1.2","60d9faa609c8dcb9e5e05481","F1","batch6","tol_toboard","4069","","","","","","","","","","","","","","tol_peg_1","4069","4069","0","[[3,0,0],[1,2],[0]]","3","[[1,2,0],[3,0],[0]]","6","0","","","","","","5"
"","","","","","single-stim-button","461","3142609","0.0-4.0-28.3-0.3","60d9faa609c8dcb9e5e05481","F1","batch6","tol_tohand","3223","","","","","","","","","","","","","","tol_peg_1","3223","3223","0","[[0,0,0],[1,2],[0]]","4","[[1,2,0],[3,0],[0]]","6","0","","","","","","5"
"","","","","","single-stim-button","462","3145059","0.0-4.0-28.3-1.3","60d9faa609c8dcb9e5e05481","F1","batch6","tol_toboard","2449","","","","","","","","","","","","","","tol_peg_3","2449","2449","0","[[0,0,0],[1,2],[3]]","4","[[1,2,0],[3,0],[0]]","6","0","","","","","","5"
"","","","","","single-stim-button","463","3151716","0.0-4.0-28.4-0.4","60d9faa609c8dcb9e5e05481","F1","batch6","tol_tohand","6656","","","","","","","","","","","","","","tol_peg_2","6656","6656","0","[[0,0,0],[1,0],[3]]","5","[[1,2,0],[3,0],[0]]","6","0","","","","","","5"
"","","","","","single-stim-button","464","3152983","0.0-4.0-28.4-1.4","60d9faa609c8dcb9e5e05481","F1","batch6","tol_toboard","1267","","","","","","","","","","","","","","tol_peg_1","1267","1267","0","[[2,0,0],[1,0],[3]]","5","[[1,2,0],[3,0],[0]]","6","0","","","","","","5"
"","","","","","single-stim-button","465","3153713","0.0-4.0-28.5-0.5","60d9faa609c8dcb9e5e05481","F1","batch6","tol_tohand","729","","","","","","","","","","","","","","tol_peg_2","729","729","0","[[2,0,0],[0,0],[3]]","6","[[1,2,0],[3,0],[0]]","6","0","","","","","","5"
"","","","","","single-stim-button","466","3156323","0.0-4.0-28.5-1.5","60d9faa609c8dcb9e5e05481","F1","batch6","tol_toboard","2610","","","","","","","","","","","","","","tol_peg_1","2610","2610","0","[[2,1,0],[0,0],[3]]","6","[[1,2,0],[3,0],[0]]","6","0","","","","","","5"
"","","","","","single-stim-button","467","3157609","0.0-4.0-28.6-0.6","60d9faa609c8dcb9e5e05481","F1","batch6","tol_tohand","1285","","","","","","","","","","","","","","tol_peg_3","1285","1285","0","[[2,1,0],[0,0],[0]]","7","[[1,2,0],[3,0],[0]]","6","0","","","","","","5"
"","","","","","single-stim-button","468","3159177","0.0-4.0-28.6-1.6","60d9faa609c8dcb9e5e05481","F1","batch6","tol_toboard","1567","","","","","","","","","","","","","","tol_peg_2","1567","1567","0","[[2,1,0],[3,0],[0]]","7","[[1,2,0],[3,0],[0]]","6","0","","","","","","5"
"","","","","","single-stim-button","469","3161159","0.0-4.0-28.7-0.7","60d9faa609c8dcb9e5e05481","F1","batch6","tol_tohand","1981","","","","","","","","","","","","","","tol_peg_1","1981","1981","0","[[2,0,0],[3,0],[0]]","8","[[1,2,0],[3,0],[0]]","6","0","","","","","","5"
"","","","","","single-stim-button","470","3166553","0.0-4.0-28.7-1.7","60d9faa609c8dcb9e5e05481","F1","batch6","tol_toboard","5393","","","","","","","","","","","","","","tol_peg_3","5393","5393","0","[[2,0,0],[3,0],[1]]","8","[[1,2,0],[3,0],[0]]","6","0","","","","","","5"
"","","","","","single-stim-button","471","3170337","0.0-4.0-28.8-0.8","60d9faa609c8dcb9e5e05481","F1","batch6","tol_tohand","3783","","","","","","","","","","","","","","tol_peg_1","3783","3783","0","[[0,0,0],[3,0],[1]]","9","[[1,2,0],[3,0],[0]]","6","0","","","","","","5"
"","","","","","single-stim-button","472","3172081","0.0-4.0-28.8-1.8","60d9faa609c8dcb9e5e05481","F1","batch6","tol_toboard","1744","","","","","","","","","","","","","","tol_peg_2","1744","1744","0","[[0,0,0],[3,2],[1]]","9","[[1,2,0],[3,0],[0]]","6","0","","","","","","5"
"","","","","","single-stim-button","473","3172863","0.0-4.0-28.9-0.9","60d9faa609c8dcb9e5e05481","F1","batch6","tol_tohand","781","","","","","","","","","","","","","","tol_peg_3","781","781","0","[[0,0,0],[3,2],[0]]","10","[[1,2,0],[3,0],[0]]","6","0","","","","","","5"
"","","","","","single-stim-button","474","3174205","0.0-4.0-28.9-1.9","60d9faa609c8dcb9e5e05481","F1","batch6","tol_toboard","1341","","","","","","","","","","","","","","tol_peg_1","1341","1341","0","[[1,0,0],[3,2],[0]]","10","[[1,2,0],[3,0],[0]]","6","0","","","","","","5"
"","","","","","single-stim-button","475","3175185","0.0-4.0-28.10-0.10","60d9faa609c8dcb9e5e05481","F1","batch6","tol_tohand","979","","","","","","","","","","","","","","tol_peg_2","979","979","0","[[1,0,0],[3,0],[0]]","11","[[1,2,0],[3,0],[0]]","6","0","","","","","","5"
"","","","","","single-stim-button","476","3176421","0.0-4.0-28.10-1.10","60d9faa609c8dcb9e5e05481","F1","batch6","tol_toboard","1235","","","","","","","","","","","","","","tol_peg_1","1235","1235","0","[[1,2,0],[3,0],[0]]","11","[[1,2,0],[3,0],[0]]","6","0","","","","","","5"
"","","","","","poldrack-single-stim","477","3177423","0.0-4.0-29.0","60d9faa609c8dcb9e5e05481","F1","batch6","tol_feedback","-1","","","","","true","","","","","","","","","","1000","1000","500","","","","","","-1","none","true","10250","31318",""
"","","","","","html-button-response","478","3178533","0.0-4.0-30.0","60d9faa609c8dcb9e5e05481","F1","batch6","tol_trial_num","1109.5","<div class = centerbox><p class = center-block-text>problem <strong>8</strong> out of 25 problems</p></div>","0","","","","","","","","","","","","","","","","","","","","","","","","","",""
"","","","","","single-stim-button","479","3186433","0.0-4.0-31.0-0.0","60d9faa609c8dcb9e5e05481","F1","batch6","tol_tohand","7899","","","","","","","","","","","","","","tol_peg_3","7899","7899","0","[[0,0,0],[2,3],[0]]","1","[[1,2,0],[3,0],[0]]","7","0","","","","","","4"
"","","","","","single-stim-button","480","3187763","0.0-4.0-31.0-1.0","60d9faa609c8dcb9e5e05481","F1","batch6","tol_toboard","1329","","","","","","","","","","","","","","tol_peg_1","1329","1329","0","[[1,0,0],[2,3],[0]]","1","[[1,2,0],[3,0],[0]]","7","0","","","","","","4"
"","","","","","single-stim-button","481","3190741","0.0-4.0-31.1-0.1","60d9faa609c8dcb9e5e05481","F1","batch6","tol_tohand","2977","","","","","","","","","","","","","","tol_peg_2","2977","2977","0","[[1,0,0],[2,0],[0]]","2","[[1,2,0],[3,0],[0]]","7","0","","","","","","4"
"","","","","","single-stim-button","482","3192359","0.0-4.0-31.1-1.1","60d9faa609c8dcb9e5e05481","F1","batch6","tol_toboard","1617","","","","","","","","","","","","","","tol_peg_3","1617","1617","0","[[1,0,0],[2,0],[3]]","2","[[1,2,0],[3,0],[0]]","7","0","","","","","","4"
"","","","","","single-stim-button","483","3193545","0.0-4.0-31.2-0.2","60d9faa609c8dcb9e5e05481","F1","batch6","tol_tohand","1185","","","","","","","","","","","","","","tol_peg_2","1185","1185","0","[[1,0,0],[0,0],[3]]","3","[[1,2,0],[3,0],[0]]","7","0","","","","","","4"
"","","","","","single-stim-button","484","3194579","0.0-4.0-31.2-1.2","60d9faa609c8dcb9e5e05481","F1","batch6","tol_toboard","1033","","","","","","","","","","","","","","tol_peg_1","1033","1033","0","[[1,2,0],[0,0],[3]]","3","[[1,2,0],[3,0],[0]]","7","0","","","","","","4"
"","","","","","single-stim-button","485","3195691","0.0-4.0-31.3-0.3","60d9faa609c8dcb9e5e05481","F1","batch6","tol_tohand","1112","","","","","","","","","","","","","","tol_peg_3","1112","1112","0","[[1,2,0],[0,0],[0]]","4","[[1,2,0],[3,0],[0]]","7","0","","","","","","4"
"","","","","","single-stim-button","486","3196651","0.0-4.0-31.3-1.3","60d9faa609c8dcb9e5e05481","F1","batch6","tol_toboard","959","","","","","","","","","","","","","","tol_peg_2","959","959","0","[[1,2,0],[3,0],[0]]","4","[[1,2,0],[3,0],[0]]","7","0","","","","","","4"
"","","","","","poldrack-single-stim","487","3197665","0.0-4.0-32.0","60d9faa609c8dcb9e5e05481","F1","batch6","tol_feedback","-1","","","","","true","","","","","","","","","","1000","1000","500","","","","","","-1","none","true","7899","13173",""
"","","","","","html-button-response","488","3199085","0.0-4.0-33.0","60d9faa609c8dcb9e5e05481","F1","batch6","tol_trial_num","1419.5","<div class = centerbox><p class = center-block-text>problem <strong>9</strong> out of 25 problems</p></div>","0","","","","","","","","","","","","","","","","","","","","","","","","","",""
"","","","","","single-stim-button","489","3208670","0.0-4.0-34.0-0.0","60d9faa609c8dcb9e5e05481","F1","batch6","tol_tohand","9584","","","","","","","","","","","","","","tol_peg_1","9584","9584","0","[[3,0,0],[0,0],[1]]","1","[[2,1,0],[3,0],[0]]","8","0","","","","","","6"
"","","","","","single-stim-button","490","3215369","0.0-4.0-34.0-1.0","60d9faa609c8dcb9e5e05481","F1","batch6","tol_toboard","6698","","","","","","","","","","","","","","tol_peg_2","6698","6698","0","[[3,0,0],[2,0],[1]]","1","[[2,1,0],[3,0],[0]]","8","0","","","","","","6"
"","","","","","single-stim-button","491","3219801","0.0-4.0-34.1-0.1","60d9faa609c8dcb9e5e05481","F1","batch6","tol_tohand","4431","","","","","","","","","","","","","","tol_peg_3","4431","4431","0","[[3,0,0],[2,0],[0]]","2","[[2,1,0],[3,0],[0]]","8","0","","","","","","6"
"","","","","","single-stim-button","492","3227819","0.0-4.0-34.1-1.1","60d9faa609c8dcb9e5e05481","F1","batch6","tol_toboard","8017","","","","","","","","","","","","","","tol_peg_3","8017","8017","0","[[3,0,0],[2,0],[1]]","2","[[2,1,0],[3,0],[0]]","8","0","","","","","","6"
"","","","","","single-stim-button","493","3228681","0.0-4.0-34.2-0.2","60d9faa609c8dcb9e5e05481","F1","batch6","tol_tohand","861","","","","","","","","","","","","","","tol_peg_1","861","861","0","[[0,0,0],[2,0],[1]]","3","[[2,1,0],[3,0],[0]]","8","0","","","","","","6"
"","","","","","single-stim-button","494","3230047","0.0-4.0-34.2-1.2","60d9faa609c8dcb9e5e05481","F1","batch6","tol_toboard","1366","","","","","","","","","","","","","","tol_peg_2","1366","1366","0","[[0,0,0],[2,3],[1]]","3","[[2,1,0],[3,0],[0]]","8","0","","","","","","6"
"","","","","","single-stim-button","495","3232751","0.0-4.0-34.3-0.3","60d9faa609c8dcb9e5e05481","F1","batch6","tol_tohand","2703","","","","","","","","","","","","","","tol_peg_2","2703","2703","0","[[0,0,0],[2,0],[1]]","4","[[2,1,0],[3,0],[0]]","8","0","","","","","","6"
"","","","","","single-stim-button","496","3233633","0.0-4.0-34.3-1.3","60d9faa609c8dcb9e5e05481","F1","batch6","tol_toboard","882","","","","","","","","","","","","","","tol_peg_1","882","882","0","[[3,0,0],[2,0],[1]]","4","[[2,1,0],[3,0],[0]]","8","0","","","","","","6"
"","","","","","single-stim-button","497","3234553","0.0-4.0-34.4-0.4","60d9faa609c8dcb9e5e05481","F1","batch6","tol_tohand","919","","","","","","","","","","","","","","tol_peg_3","919","919","0","[[3,0,0],[2,0],[0]]","5","[[2,1,0],[3,0],[0]]","8","0","","","","","","6"
"","","","","","single-stim-button","498","3236169","0.0-4.0-34.4-1.4","60d9faa609c8dcb9e5e05481","F1","batch6","tol_toboard","1616","","","","","","","","","","","","","","tol_peg_1","1616","1616","0","[[3,1,0],[2,0],[0]]","5","[[2,1,0],[3,0],[0]]","8","0","","","","","","6"
"","","","","","single-stim-button","499","3239375","0.0-4.0-34.5-0.5","60d9faa609c8dcb9e5e05481","F1","batch6","tol_tohand","3205","","","","","","","","","","","","","","tol_peg_2","3205","3205","0","[[3,1,0],[0,0],[0]]","6","[[2,1,0],[3,0],[0]]","8","0","","","","","","6"
"","","","","","single-stim-button","500","3242309","0.0-4.0-34.5-1.5","60d9faa609c8dcb9e5e05481","F1","batch6","tol_toboard","2933","","","","","","","","","","","","","","tol_peg_3","2933","2933","0","[[3,1,0],[0,0],[2]]","6","[[2,1,0],[3,0],[0]]","8","0","","","","","","6"
"","","","","","single-stim-button","501","3243429","0.0-4.0-34.6-0.6","60d9faa609c8dcb9e5e05481","F1","batch6","tol_tohand","1119","","","","","","","","","","","","","","tol_peg_1","1119","1119","0","[[3,0,0],[0,0],[2]]","7","[[2,1,0],[3,0],[0]]","8","0","","","","","","6"
"","","","","","single-stim-button","502","3244763","0.0-4.0-34.6-1.6","60d9faa609c8dcb9e5e05481","F1","batch6","tol_toboard","1333","","","","","","","","","","","","","","tol_peg_2","1333","1333","0","[[3,0,0],[1,0],[2]]","7","[[2,1,0],[3,0],[0]]","8","0","","","","","","6"
"","","","","","single-stim-button","503","3247127","0.0-4.0-34.7-0.7","60d9faa609c8dcb9e5e05481","F1","batch6","tol_tohand","2363","","","","","","","","","","","","","","tol_peg_1","2363","2363","0","[[0,0,0],[1,0],[2]]","8","[[2,1,0],[3,0],[0]]","8","0","","","","","","6"
"","","","","","single-stim-button","504","3253449","0.0-4.0-34.7-1.7","60d9faa609c8dcb9e5e05481","F1","batch6","tol_toboard","6321","","","","","","","","","","","","","","tol_peg_2","6321","6321","0","[[0,0,0],[1,3],[2]]","8","[[2,1,0],[3,0],[0]]","8","0","","","","","","6"
"","","","","","single-stim-button","505","3255287","0.0-4.0-34.8-0.8","60d9faa609c8dcb9e5e05481","F1","batch6","tol_tohand","1837","","","","","","","","","","","","","","tol_peg_3","1837","1837","0","[[0,0,0],[1,3],[0]]","9","[[2,1,0],[3,0],[0]]","8","0","","","","","","6"
"","","","","","single-stim-button","506","3256835","0.0-4.0-34.8-1.8","60d9faa609c8dcb9e5e05481","F1","batch6","tol_toboard","1548","","","","","","","","","","","","","","tol_peg_1","1548","1548","0","[[2,0,0],[1,3],[0]]","9","[[2,1,0],[3,0],[0]]","8","0","","","","","","6"
"","","","","","single-stim-button","507","3259075","0.0-4.0-34.9-0.9","60d9faa609c8dcb9e5e05481","F1","batch6","tol_tohand","2240","","","","","","","","","","","","","","tol_peg_2","2240","2240","0","[[2,0,0],[1,0],[0]]","10","[[2,1,0],[3,0],[0]]","8","0","","","","","","6"
"","","","","","single-stim-button","508","3260163","0.0-4.0-34.9-1.9","60d9faa609c8dcb9e5e05481","F1","batch6","tol_toboard","1088","","","","","","","","","","","","","","tol_peg_3","1088","1088","0","[[2,0,0],[1,0],[3]]","10","[[2,1,0],[3,0],[0]]","8","0","","","","","","6"
"","","","","","single-stim-button","509","3261141","0.0-4.0-34.10-0.10","60d9faa609c8dcb9e5e05481","F1","batch6","tol_tohand","978","","","","","","","","","","","","","","tol_peg_2","978","978","0","[[2,0,0],[0,0],[3]]","11","[[2,1,0],[3,0],[0]]","8","0","","","","","","6"
"","","","","","single-stim-button","510","3262253","0.0-4.0-34.10-1.10","60d9faa609c8dcb9e5e05481","F1","batch6","tol_toboard","1112","","","","","","","","","","","","","","tol_peg_1","1112","1112","0","[[2,1,0],[0,0],[3]]","11","[[2,1,0],[3,0],[0]]","8","0","","","","","","6"
"","","","","","single-stim-button","511","3263321","0.0-4.0-34.11-0.11","60d9faa609c8dcb9e5e05481","F1","batch6","tol_tohand","1068","","","","","","","","","","","","","","tol_peg_3","1068","1068","0","[[2,1,0],[0,0],[0]]","12","[[2,1,0],[3,0],[0]]","8","0","","","","","","6"
"","","","","","single-stim-button","512","3264313","0.0-4.0-34.11-1.11","60d9faa609c8dcb9e5e05481","F1","batch6","tol_toboard","992","","","","","","","","","","","","","","tol_peg_2","992","992","0","[[2,1,0],[3,0],[0]]","12","[[2,1,0],[3,0],[0]]","8","0","","","","","","6"
"","","","","","poldrack-single-stim","513","3265314","0.0-4.0-35.0","60d9faa609c8dcb9e5e05481","F1","batch6","tol_feedback","-1","","","","","true","","","","","","","","","","1000","1000","500","","","","","","-1","none","true","9584","31308",""
"","","","","","html-button-response","514","3266505","0.0-4.0-36.0","60d9faa609c8dcb9e5e05481","F1","batch6","tol_trial_num","1189.3999999761581","<div class = centerbox><p class = center-block-text>problem <strong>10</strong> out of 25 problems</p></div>","0","","","","","","","","","","","","","","","","","","","","","","","","","",""
"","","","","","single-stim-button","515","3273603","0.0-4.0-37.0-0.0","60d9faa609c8dcb9e5e05481","F1","batch6","tol_tohand","7098","","","","","","","","","","","","","","tol_peg_2","7098","7098","0","[[3,0,0],[0,0],[2]]","1","[[3,0,0],[2,1],[0]]","9","0","","","","","","3"
"","","","","","single-stim-button","516","3277289","0.0-4.0-37.0-1.0","60d9faa609c8dcb9e5e05481","F1","batch6","tol_toboard","3685","","","","","","","","","","","","","","tol_peg_1","3685","3685","0","[[3,1,0],[0,0],[2]]","1","[[3,0,0],[2,1],[0]]","9","0","","","","","","3"
"","","","","","single-stim-button","517","3278377","0.0-4.0-37.1-0.1","60d9faa609c8dcb9e5e05481","F1","batch6","tol_tohand","1087","","","","","","","","","","","","","","tol_peg_3","1087","1087","0","[[3,1,0],[0,0],[0]]","2","[[3,0,0],[2,1],[0]]","9","0","","","","","","3"
"","","","","","single-stim-button","518","3279747","0.0-4.0-37.1-1.1","60d9faa609c8dcb9e5e05481","F1","batch6","tol_toboard","1370","","","","","","","","","","","","","","tol_peg_2","1370","1370","0","[[3,1,0],[2,0],[0]]","2","[[3,0,0],[2,1],[0]]","9","0","","","","","","3"
"","","","","","single-stim-button","519","3280803","0.0-4.0-37.2-0.2","60d9faa609c8dcb9e5e05481","F1","batch6","tol_tohand","1056","","","","","","","","","","","","","","tol_peg_1","1056","1056","0","[[3,0,0],[2,0],[0]]","3","[[3,0,0],[2,1],[0]]","9","0","","","","","","3"
"","","","","","single-stim-button","520","3282047","0.0-4.0-37.2-1.2","60d9faa609c8dcb9e5e05481","F1","batch6","tol_toboard","1244","","","","","","","","","","","","","","tol_peg_2","1244","1244","0","[[3,0,0],[2,1],[0]]","3","[[3,0,0],[2,1],[0]]","9","0","","","","","","3"
"","","","","","poldrack-single-stim","521","3283048","0.0-4.0-38.0","60d9faa609c8dcb9e5e05481","F1","batch6","tol_feedback","-1","","","","","true","","","","","","","","","","1000","1000","500","","","","","","-1","none","true","7098","9241",""
"","","","","","html-button-response","522","3284767","0.0-4.0-39.0","60d9faa609c8dcb9e5e05481","F1","batch6","tol_trial_num","1717.3000000715256","<div class = centerbox><p class = center-block-text>problem <strong>11</strong> out of 25 problems</p></div>","0","","","","","","","","","","","","","","","","","","","","","","","","","",""
"","","","","","single-stim-button","523","3290585","0.0-4.0-40.0-0.0","60d9faa609c8dcb9e5e05481","F1","batch6","tol_tohand","5817","","","","","","","","","","","","","","tol_peg_2","5817","5817","0","[[1,2,0],[0,0],[0]]","1","[[2,0,0],[1,3],[0]]","10","0","","","","","","6"
"","","","","","single-stim-button","524","3291861","0.0-4.0-40.0-1.0","60d9faa609c8dcb9e5e05481","F1","batch6","tol_toboard","1276","","","","","","","","","","","","","","tol_peg_3","1276","1276","0","[[1,2,0],[0,0],[3]]","1","[[2,0,0],[1,3],[0]]","10","0","","","","","","6"
"","","","","","single-stim-button","525","3294779","0.0-4.0-40.1-0.1","60d9faa609c8dcb9e5e05481","F1","batch6","tol_tohand","2917","","","","","","","","","","","","","","tol_peg_1","2917","2917","0","[[1,0,0],[0,0],[3]]","2","[[2,0,0],[1,3],[0]]","10","0","","","","","","6"
"","","","","","single-stim-button","526","3304959","0.0-4.0-40.1-1.1","60d9faa609c8dcb9e5e05481","F1","batch6","tol_toboard","10180","","","","","","","","","","","","","","tol_peg_2","10180","10180","0","[[1,0,0],[2,0],[3]]","2","[[2,0,0],[1,3],[0]]","10","0","","","","","","6"
"","","","","","single-stim-button","527","3306005","0.0-4.0-40.2-0.2","60d9faa609c8dcb9e5e05481","F1","batch6","tol_tohand","1045","","","","","","","","","","","","","","tol_peg_1","1045","1045","0","[[0,0,0],[2,0],[3]]","3","[[2,0,0],[1,3],[0]]","10","0","","","","","","6"
"","","","","","single-stim-button","528","3309087","0.0-4.0-40.2-1.2","60d9faa609c8dcb9e5e05481","F1","batch6","tol_toboard","3081","","","","","","","","","","","","","","tol_peg_2","3081","3081","0","[[0,0,0],[2,1],[3]]","3","[[2,0,0],[1,3],[0]]","10","0","","","","","","6"
"","","","","","single-stim-button","529","3311017","0.0-4.0-40.3-0.3","60d9faa609c8dcb9e5e05481","F1","batch6","tol_tohand","1929","","","","","","","","","","","","","","tol_peg_3","1929","1929","0","[[0,0,0],[2,1],[0]]","4","[[2,0,0],[1,3],[0]]","10","0","","","","","","6"
"","","","","","single-stim-button","530","3314109","0.0-4.0-40.3-1.3","60d9faa609c8dcb9e5e05481","F1","batch6","tol_toboard","3092","","","","","","","","","","","","","","tol_peg_3","3092","3092","0","[[0,0,0],[2,1],[3]]","4","[[2,0,0],[1,3],[0]]","10","0","","","","","","6"
"","","","","","single-stim-button","531","3317641","0.0-4.0-40.4-0.4","60d9faa609c8dcb9e5e05481","F1","batch6","tol_tohand","3532","","","","","","","","","","","","","","tol_peg_3","3532","3532","0","[[0,0,0],[2,1],[0]]","5","[[2,0,0],[1,3],[0]]","10","0","","","","","","6"
"","","","","","single-stim-button","532","3318773","0.0-4.0-40.4-1.4","60d9faa609c8dcb9e5e05481","F1","batch6","tol_toboard","1131","","","","","","","","","","","","","","tol_peg_1","1131","1131","0","[[3,0,0],[2,1],[0]]","5","[[2,0,0],[1,3],[0]]","10","0","","","","","","6"
"","","","","","single-stim-button","533","3319948","0.0-4.0-40.5-0.5","60d9faa609c8dcb9e5e05481","F1","batch6","tol_tohand","1173","","","","","","","","","","","","","","tol_peg_2","1173","1173","0","[[3,0,0],[2,0],[0]]","6","[[2,0,0],[1,3],[0]]","10","0","","","","","","6"
"","","","","","single-stim-button","534","3321631","0.0-4.0-40.5-1.5","60d9faa609c8dcb9e5e05481","F1","batch6","tol_toboard","1683","","","","","","","","","","","","","","tol_peg_3","1683","1683","0","[[3,0,0],[2,0],[1]]","6","[[2,0,0],[1,3],[0]]","10","0","","","","","","6"
"","","","","","single-stim-button","535","3322953","0.0-4.0-40.6-0.6","60d9faa609c8dcb9e5e05481","F1","batch6","tol_tohand","1321","","","","","","","","","","","","","","tol_peg_1","1321","1321","0","[[0,0,0],[2,0],[1]]","7","[[2,0,0],[1,3],[0]]","10","0","","","","","","6"
"","","","","","single-stim-button","536","3325547","0.0-4.0-40.6-1.6","60d9faa609c8dcb9e5e05481","F1","batch6","tol_toboard","2593","","","","","","","","","","","","","","tol_peg_1","2593","2593","0","[[3,0,0],[2,0],[1]]","7","[[2,0,0],[1,3],[0]]","10","0","","","","","","6"
"","","","","","single-stim-button","537","3326358","0.0-4.0-40.7-0.7","60d9faa609c8dcb9e5e05481","F1","batch6","tol_tohand","809","","","","","","","","","","","","","","tol_peg_2","809","809","0","[[3,0,0],[0,0],[1]]","8","[[2,0,0],[1,3],[0]]","10","0","","","","","","6"
"","","","","","single-stim-button","538","3327889","0.0-4.0-40.7-1.7","60d9faa609c8dcb9e5e05481","F1","batch6","tol_toboard","1531","","","","","","","","","","","","","","tol_peg_1","1531","1531","0","[[3,2,0],[0,0],[1]]","8","[[2,0,0],[1,3],[0]]","10","0","","","","","","6"
"","","","","","single-stim-button","539","3332632","0.0-4.0-40.8-0.8","60d9faa609c8dcb9e5e05481","F1","batch6","tol_tohand","4741","","","","","","","","","","","","","","tol_peg_3","4741","4741","0","[[3,2,0],[0,0],[0]]","9","[[2,0,0],[1,3],[0]]","10","0","","","","","","6"
"","","","","","single-stim-button","540","3334435","0.0-4.0-40.8-1.8","60d9faa609c8dcb9e5e05481","F1","batch6","tol_toboard","1803","","","","","","","","","","","","","","tol_peg_2","1803","1803","0","[[3,2,0],[1,0],[0]]","9","[[2,0,0],[1,3],[0]]","10","0","","","","","","6"
"","","","","","single-stim-button","541","3339552","0.0-4.0-40.9-0.9","60d9faa609c8dcb9e5e05481","F1","batch6","tol_tohand","5116","","","","","","","","","","","","","","tol_peg_1","5116","5116","0","[[3,0,0],[1,0],[0]]","10","[[2,0,0],[1,3],[0]]","10","0","","","","","","6"
"","","","","","single-stim-button","542","3342321","0.0-4.0-40.9-1.9","60d9faa609c8dcb9e5e05481","F1","batch6","tol_toboard","2769","","","","","","","","","","","","","","tol_peg_3","2769","2769","0","[[3,0,0],[1,0],[2]]","10","[[2,0,0],[1,3],[0]]","10","0","","","","","","6"
"","","","","","single-stim-button","543","3343131","0.0-4.0-40.10-0.10","60d9faa609c8dcb9e5e05481","F1","batch6","tol_tohand","809","","","","","","","","","","","","","","tol_peg_1","809","809","0","[[0,0,0],[1,0],[2]]","11","[[2,0,0],[1,3],[0]]","10","0","","","","","","6"
"","","","","","single-stim-button","544","3344201","0.0-4.0-40.10-1.10","60d9faa609c8dcb9e5e05481","F1","batch6","tol_toboard","1069","","","","","","","","","","","","","","tol_peg_2","1069","1069","0","[[0,0,0],[1,3],[2]]","11","[[2,0,0],[1,3],[0]]","10","0","","","","","","6"
"","","","","","single-stim-button","545","3345357","0.0-4.0-40.11-0.11","60d9faa609c8dcb9e5e05481","F1","batch6","tol_tohand","1155","","","","","","","","","","","","","","tol_peg_3","1155","1155","0","[[0,0,0],[1,3],[0]]","12","[[2,0,0],[1,3],[0]]","10","0","","","","","","6"
"","","","","","single-stim-button","546","3346341","0.0-4.0-40.11-1.11","60d9faa609c8dcb9e5e05481","F1","batch6","tol_toboard","983","","","","","","","","","","","","","","tol_peg_1","983","983","0","[[2,0,0],[1,3],[0]]","12","[[2,0,0],[1,3],[0]]","10","0","","","","","","6"
"","","","","","poldrack-single-stim","547","3347342","0.0-4.0-41.0","60d9faa609c8dcb9e5e05481","F1","batch6","tol_feedback","-1","","","","","true","","","","","","","","","","1000","1000","500","","","","","","-1","none","true","5817","30364",""
"","","","","","html-button-response","548","3348509","0.0-4.0-42.0","60d9faa609c8dcb9e5e05481","F1","batch6","tol_trial_num","1166","<div class = centerbox><p class = center-block-text>problem <strong>12</strong> out of 25 problems</p></div>","0","","","","","","","","","","","","","","","","","","","","","","","","","",""
"","","","","","single-stim-button","549","3362694","0.0-4.0-43.0-0.0","60d9faa609c8dcb9e5e05481","F1","batch6","tol_tohand","14183","","","","","","","","","","","","","","tol_peg_1","14183","14183","0","[[1,0,0],[3,0],[0]]","1","[[2,3,0],[0,0],[1]]","11","0","","","","","","4"
"","","","","","single-stim-button","550","3364245","0.0-4.0-43.0-1.0","60d9faa609c8dcb9e5e05481","F1","batch6","tol_toboard","1551","","","","","","","","","","","","","","tol_peg_3","1551","1551","0","[[1,0,0],[3,0],[2]]","1","[[2,3,0],[0,0],[1]]","11","0","","","","","","4"
"","","","","","single-stim-button","551","3367196","0.0-4.0-43.1-0.1","60d9faa609c8dcb9e5e05481","F1","batch6","tol_tohand","2949","","","","","","","","","","","","","","tol_peg_1","2949","2949","0","[[0,0,0],[3,0],[2]]","2","[[2,3,0],[0,0],[1]]","11","0","","","","","","4"
"","","","","","single-stim-button","552","3368541","0.0-4.0-43.1-1.1","60d9faa609c8dcb9e5e05481","F1","batch6","tol_toboard","1345","","","","","","","","","","","","","","tol_peg_2","1345","1345","0","[[0,0,0],[3,1],[2]]","2","[[2,3,0],[0,0],[1]]","11","0","","","","","","4"
"","","","","","single-stim-button","553","3369999","0.0-4.0-43.2-0.2","60d9faa609c8dcb9e5e05481","F1","batch6","tol_tohand","1457","","","","","","","","","","","","","","tol_peg_3","1457","1457","0","[[0,0,0],[3,1],[0]]","3","[[2,3,0],[0,0],[1]]","11","0","","","","","","4"
"","","","","","single-stim-button","554","3371437","0.0-4.0-43.2-1.2","60d9faa609c8dcb9e5e05481","F1","batch6","tol_toboard","1437","","","","","","","","","","","","","","tol_peg_1","1437","1437","0","[[2,0,0],[3,1],[0]]","3","[[2,3,0],[0,0],[1]]","11","0","","","","","","4"
"","","","","","single-stim-button","555","3372913","0.0-4.0-43.3-0.3","60d9faa609c8dcb9e5e05481","F1","batch6","tol_tohand","1475","","","","","","","","","","","","","","tol_peg_2","1475","1475","0","[[2,0,0],[3,0],[0]]","4","[[2,3,0],[0,0],[1]]","11","0","","","","","","4"
"","","","","","single-stim-button","556","3374475","0.0-4.0-43.3-1.3","60d9faa609c8dcb9e5e05481","F1","batch6","tol_toboard","1561","","","","","","","","","","","","","","tol_peg_3","1561","1561","0","[[2,0,0],[3,0],[1]]","4","[[2,3,0],[0,0],[1]]","11","0","","","","","","4"
"","","","","","single-stim-button","557","3375737","0.0-4.0-43.4-0.4","60d9faa609c8dcb9e5e05481","F1","batch6","tol_tohand","1261","","","","","","","","","","","","","","tol_peg_2","1261","1261","0","[[2,0,0],[0,0],[1]]","5","[[2,3,0],[0,0],[1]]","11","0","","","","","","4"
"","","","","","single-stim-button","558","3376905","0.0-4.0-43.4-1.4","60d9faa609c8dcb9e5e05481","F1","batch6","tol_toboard","1168","","","","","","","","","","","","","","tol_peg_1","1168","1168","0","[[2,3,0],[0,0],[1]]","5","[[2,3,0],[0,0],[1]]","11","0","","","","","","4"
"","","","","","poldrack-single-stim","559","3377910","0.0-4.0-44.0","60d9faa609c8dcb9e5e05481","F1","batch6","tol_feedback","-1","","","","","true","","","","","","","","","","1000","1000","500","","","","","","-1","none","true","14183","21325",""
"","","","","","html-button-response","560","3379277","0.0-4.0-45.0","60d9faa609c8dcb9e5e05481","F1","batch6","tol_trial_num","1366.2000000476837","<div class = centerbox><p class = center-block-text>problem <strong>13</strong> out of 25 problems</p></div>","0","","","","","","","","","","","","","","","","","","","","","","","","","",""
"","","","","","single-stim-button","561","3383911","0.0-4.0-46.0-0.0","60d9faa609c8dcb9e5e05481","F1","batch6","tol_tohand","4634","","","","","","","","","","","","","","tol_peg_1","4634","4634","0","[[1,0,0],[3,0],[0]]","1","[[0,0,0],[2,3],[1]]","12","0","","","","","","4"
"","","","","","single-stim-button","562","3385063","0.0-4.0-46.0-1.0","60d9faa609c8dcb9e5e05481","F1","batch6","tol_toboard","1152","","","","","","","","","","","","","","tol_peg_3","1152","1152","0","[[1,0,0],[3,0],[2]]","1","[[0,0,0],[2,3],[1]]","12","0","","","","","","4"
"","","","","","single-stim-button","563","3386151","0.0-4.0-46.1-0.1","60d9faa609c8dcb9e5e05481","F1","batch6","tol_tohand","1088","","","","","","","","","","","","","","tol_peg_1","1088","1088","0","[[0,0,0],[3,0],[2]]","2","[[0,0,0],[2,3],[1]]","12","0","","","","","","4"
"","","","","","single-stim-button","564","3387305","0.0-4.0-46.1-1.1","60d9faa609c8dcb9e5e05481","F1","batch6","tol_toboard","1154","","","","","","","","","","","","","","tol_peg_2","1154","1154","0","[[0,0,0],[3,1],[2]]","2","[[0,0,0],[2,3],[1]]","12","0","","","","","","4"
"","","","","","single-stim-button","565","3388529","0.0-4.0-46.2-0.2","60d9faa609c8dcb9e5e05481","F1","batch6","tol_tohand","1224","","","","","","","","","","","","","","tol_peg_3","1224","1224","0","[[0,0,0],[3,1],[0]]","3","[[0,0,0],[2,3],[1]]","12","0","","","","","","4"
"","","","","","single-stim-button","566","3389737","0.0-4.0-46.2-1.2","60d9faa609c8dcb9e5e05481","F1","batch6","tol_toboard","1208","","","","","","","","","","","","","","tol_peg_1","1208","1208","0","[[2,0,0],[3,1],[0]]","3","[[0,0,0],[2,3],[1]]","12","0","","","","","","4"
"","","","","","single-stim-button","567","3391631","0.0-4.0-46.3-0.3","60d9faa609c8dcb9e5e05481","F1","batch6","tol_tohand","1894","","","","","","","","","","","","","","tol_peg_2","1894","1894","0","[[2,0,0],[3,0],[0]]","4","[[0,0,0],[2,3],[1]]","12","0","","","","","","4"
"","","","","","single-stim-button","568","3392751","0.0-4.0-46.3-1.3","60d9faa609c8dcb9e5e05481","F1","batch6","tol_toboard","1120","","","","","","","","","","","","","","tol_peg_3","1120","1120","0","[[2,0,0],[3,0],[1]]","4","[[0,0,0],[2,3],[1]]","12","0","","","","","","4"
"","","","","","single-stim-button","569","3393581","0.0-4.0-46.4-0.4","60d9faa609c8dcb9e5e05481","F1","batch6","tol_tohand","830","","","","","","","","","","","","","","tol_peg_2","830","830","0","[[2,0,0],[0,0],[1]]","5","[[0,0,0],[2,3],[1]]","12","0","","","","","","4"
"","","","","","single-stim-button","570","3394415","0.0-4.0-46.4-1.4","60d9faa609c8dcb9e5e05481","F1","batch6","tol_toboard","834","","","","","","","","","","","","","","tol_peg_1","834","834","0","[[2,3,0],[0,0],[1]]","5","[[0,0,0],[2,3],[1]]","12","0","","","","","","4"
"","","","","","single-stim-button","571","3404871","0.0-4.0-46.5-0.5","60d9faa609c8dcb9e5e05481","F1","batch6","tol_tohand","10456","","","","","","","","","","","","","","tol_peg_1","10456","10456","0","[[2,0,0],[0,0],[1]]","6","[[0,0,0],[2,3],[1]]","12","0","","","","","","4"
"","","","","","single-stim-button","572","3406269","0.0-4.0-46.5-1.5","60d9faa609c8dcb9e5e05481","F1","batch6","tol_toboard","1398","","","","","","","","","","","","","","tol_peg_2","1398","1398","0","[[2,0,0],[3,0],[1]]","6","[[0,0,0],[2,3],[1]]","12","0","","","","","","4"
"","","","","","single-stim-button","573","3407171","0.0-4.0-46.6-0.6","60d9faa609c8dcb9e5e05481","F1","batch6","tol_tohand","902","","","","","","","","","","","","","","tol_peg_1","902","902","0","[[0,0,0],[3,0],[1]]","7","[[0,0,0],[2,3],[1]]","12","0","","","","","","4"
"","","","","","single-stim-button","574","3408215","0.0-4.0-46.6-1.6","60d9faa609c8dcb9e5e05481","F1","batch6","tol_toboard","1043","","","","","","","","","","","","","","tol_peg_2","1043","1043","0","[[0,0,0],[3,2],[1]]","7","[[0,0,0],[2,3],[1]]","12","0","","","","","","4"
"","","","","","single-stim-button","575","3409931","0.0-4.0-46.7-0.7","60d9faa609c8dcb9e5e05481","F1","batch6","tol_tohand","1716","","","","","","","","","","","","","","tol_peg_3","1716","1716","0","[[0,0,0],[3,2],[0]]","8","[[0,0,0],[2,3],[1]]","12","0","","","","","","4"
"","","","","","single-stim-button","576","3411433","0.0-4.0-46.7-1.7","60d9faa609c8dcb9e5e05481","F1","batch6","tol_toboard","1502","","","","","","","","","","","","","","tol_peg_1","1502","1502","0","[[1,0,0],[3,2],[0]]","8","[[0,0,0],[2,3],[1]]","12","0","","","","","","4"
"","","","","","single-stim-button","577","3412913","0.0-4.0-46.8-0.8","60d9faa609c8dcb9e5e05481","F1","batch6","tol_tohand","1480","","","","","","","","","","","","","","tol_peg_2","1480","1480","0","[[1,0,0],[3,0],[0]]","9","[[0,0,0],[2,3],[1]]","12","0","","","","","","4"
"","","","","","single-stim-button","578","3413969","0.0-4.0-46.8-1.8","60d9faa609c8dcb9e5e05481","F1","batch6","tol_toboard","1056","","","","","","","","","","","","","","tol_peg_3","1056","1056","0","[[1,0,0],[3,0],[2]]","9","[[0,0,0],[2,3],[1]]","12","0","","","","","","4"
"","","","","","single-stim-button","579","3415499","0.0-4.0-46.9-0.9","60d9faa609c8dcb9e5e05481","F1","batch6","tol_tohand","1530","","","","","","","","","","","","","","tol_peg_2","1530","1530","0","[[1,0,0],[0,0],[2]]","10","[[0,0,0],[2,3],[1]]","12","0","","","","","","4"
"","","","","","single-stim-button","580","3416639","0.0-4.0-46.9-1.9","60d9faa609c8dcb9e5e05481","F1","batch6","tol_toboard","1140","","","","","","","","","","","","","","tol_peg_1","1140","1140","0","[[1,3,0],[0,0],[2]]","10","[[0,0,0],[2,3],[1]]","12","0","","","","","","4"
"","","","","","single-stim-button","581","3418489","0.0-4.0-46.10-0.10","60d9faa609c8dcb9e5e05481","F1","batch6","tol_tohand","1850","","","","","","","","","","","","","","tol_peg_3","1850","1850","0","[[1,3,0],[0,0],[0]]","11","[[0,0,0],[2,3],[1]]","12","0","","","","","","4"
"","","","","","single-stim-button","582","3419713","0.0-4.0-46.10-1.10","60d9faa609c8dcb9e5e05481","F1","batch6","tol_toboard","1224","","","","","","","","","","","","","","tol_peg_2","1224","1224","0","[[1,3,0],[2,0],[0]]","11","[[0,0,0],[2,3],[1]]","12","0","","","","","","4"
"","","","","","single-stim-button","583","3421257","0.0-4.0-46.11-0.11","60d9faa609c8dcb9e5e05481","F1","batch6","tol_tohand","1544","","","","","","","","","","","","","","tol_peg_1","1544","1544","0","[[1,0,0],[2,0],[0]]","12","[[0,0,0],[2,3],[1]]","12","0","","","","","","4"
"","","","","","single-stim-button","584","3422715","0.0-4.0-46.11-1.11","60d9faa609c8dcb9e5e05481","F1","batch6","tol_toboard","1457","","","","","","","","","","","","","","tol_peg_2","1457","1457","0","[[1,0,0],[2,3],[0]]","12","[[0,0,0],[2,3],[1]]","12","0","","","","","","4"
"","","","","","single-stim-button","585","3423763","0.0-4.0-46.12-0.12","60d9faa609c8dcb9e5e05481","F1","batch6","tol_tohand","1047","","","","","","","","","","","","","","tol_peg_1","1047","1047","0","[[0,0,0],[2,3],[0]]","13","[[0,0,0],[2,3],[1]]","12","0","","","","","","4"
"","","","","","single-stim-button","586","3425565","0.0-4.0-46.12-1.12","60d9faa609c8dcb9e5e05481","F1","batch6","tol_toboard","1802","","","","","","","","","","","","","","tol_peg_3","1802","1802","0","[[0,0,0],[2,3],[1]]","13","[[0,0,0],[2,3],[1]]","12","0","","","","","","4"
"","","","","","poldrack-single-stim","587","3426567","0.0-4.0-47.0","60d9faa609c8dcb9e5e05481","F1","batch6","tol_feedback","-1","","","","","true","","","","","","","","","","1000","1000","500","","","","","","-1","none","true","4634","30195",""
"","","","","","html-button-response","588","3431689","0.0-4.0-48.0","60d9faa609c8dcb9e5e05481","F1","batch6","attention_check","5121.100000023842","<p class = block-text>How many balls are in your board<br></p>","1","","","true","","","","","","","","","","","","","","","","","","","","","","",""
"","","","","","html-button-response","589","3434119","0.0-4.0-49.0","60d9faa609c8dcb9e5e05481","F1","batch6","tol_trial_num","2429.100000023842","<div class = centerbox><p class = center-block-text>problem <strong>14</strong> out of 25 problems</p></div>","0","","","","","","","","","","","","","","","","","","","","","","","","","",""
"","","","","","single-stim-button","590","3440665","0.0-4.0-50.0-0.0","60d9faa609c8dcb9e5e05481","F1","batch6","tol_tohand","6546","","","","","","","","","","","","","","tol_peg_1","6546","6546","0","[[2,0,0],[3,0],[0]]","1","[[1,2,0],[3,0],[0]]","13","0","","","","","","4"
"","","","","","single-stim-button","591","3442771","0.0-4.0-50.0-1.0","60d9faa609c8dcb9e5e05481","F1","batch6","tol_toboard","2105","","","","","","","","","","","","","","tol_peg_3","2105","2105","0","[[2,0,0],[3,0],[1]]","1","[[1,2,0],[3,0],[0]]","13","0","","","","","","4"
"","","","","","single-stim-button","592","3443529","0.0-4.0-50.1-0.1","60d9faa609c8dcb9e5e05481","F1","batch6","tol_tohand","757","","","","","","","","","","","","","","tol_peg_1","757","757","0","[[0,0,0],[3,0],[1]]","2","[[1,2,0],[3,0],[0]]","13","0","","","","","","4"
"","","","","","single-stim-button","593","3447631","0.0-4.0-50.1-1.1","60d9faa609c8dcb9e5e05481","F1","batch6","tol_toboard","4101","","","","","","","","","","","","","","tol_peg_1","4101","4101","0","[[2,0,0],[3,0],[1]]","2","[[1,2,0],[3,0],[0]]","13","0","","","","","","4"
"","","","","","single-stim-button","594","3448383","0.0-4.0-50.2-0.2","60d9faa609c8dcb9e5e05481","F1","batch6","tol_tohand","751","","","","","","","","","","","","","","tol_peg_2","751","751","0","[[2,0,0],[0,0],[1]]","3","[[1,2,0],[3,0],[0]]","13","0","","","","","","4"
"","","","","","single-stim-button","595","3450647","0.0-4.0-50.2-1.2","60d9faa609c8dcb9e5e05481","F1","batch6","tol_toboard","2263","","","","","","","","","","","","","","tol_peg_2","2263","2263","0","[[2,0,0],[3,0],[1]]","3","[[1,2,0],[3,0],[0]]","13","0","","","","","","4"
"","","","","","single-stim-button","596","3485610","0.0-4.0-50.3-0.3","60d9faa609c8dcb9e5e05481","F1","batch6","tol_tohand","34961","","","","","","","","","","","","","","tol_peg_1","34961","34961","0","[[0,0,0],[3,0],[1]]","4","[[1,2,0],[3,0],[0]]","13","0","","","","","","4"
"","","","","","single-stim-button","597","3486599","0.0-4.0-50.3-1.3","60d9faa609c8dcb9e5e05481","F1","batch6","tol_toboard","989","","","","","","","","","","","","","","tol_peg_2","989","989","0","[[0,0,0],[3,2],[1]]","4","[[1,2,0],[3,0],[0]]","13","0","","","","","","4"
"","","","","","single-stim-button","598","3487515","0.0-4.0-50.4-0.4","60d9faa609c8dcb9e5e05481","F1","batch6","tol_tohand","915","","","","","","","","","","","","","","tol_peg_3","915","915","0","[[0,0,0],[3,2],[0]]","5","[[1,2,0],[3,0],[0]]","13","0","","","","","","4"
"","","","","","single-stim-button","599","3489105","0.0-4.0-50.4-1.4","60d9faa609c8dcb9e5e05481","F1","batch6","tol_toboard","1589","","","","","","","","","","","","","","tol_peg_1","1589","1589","0","[[1,0,0],[3,2],[0]]","5","[[1,2,0],[3,0],[0]]","13","0","","","","","","4"
"","","","","","single-stim-button","600","3492051","0.0-4.0-50.5-0.5","60d9faa609c8dcb9e5e05481","F1","batch6","tol_tohand","2945","","","","","","","","","","","","","","tol_peg_2","2945","2945","0","[[1,0,0],[3,0],[0]]","6","[[1,2,0],[3,0],[0]]","13","0","","","","","","4"
"","","","","","single-stim-button","601","3493273","0.0-4.0-50.5-1.5","60d9faa609c8dcb9e5e05481","F1","batch6","tol_toboard","1221","","","","","","","","","","","","","","tol_peg_1","1221","1221","0","[[1,2,0],[3,0],[0]]","6","[[1,2,0],[3,0],[0]]","13","0","","","","","","4"
"","","","","","poldrack-single-stim","602","3494286","0.0-4.0-51.0","60d9faa609c8dcb9e5e05481","F1","batch6","tol_feedback","-1","","","","","true","","","","","","","","","","1000","1000","500","","","","","","-1","none","true","6546","46875",""
"","","","","","html-button-response","603","3496125","0.0-4.0-52.0","60d9faa609c8dcb9e5e05481","F1","batch6","tol_trial_num","1838.1000000238419","<div class = centerbox><p class = center-block-text>problem <strong>15</strong> out of 25 problems</p></div>","0","","","","","","","","","","","","","","","","","","","","","","","","","",""
"","","","","","single-stim-button","604","3505020","0.0-4.0-53.0-0.0","60d9faa609c8dcb9e5e05481","F1","batch6","tol_tohand","8894","","","","","","","","","","","","","","tol_peg_1","8894","8894","0","[[1,0,0],[3,0],[0]]","1","[[2,0,0],[3,0],[1]]","14","0","","","","","","3"
"","","","","","single-stim-button","605","3506013","0.0-4.0-53.0-1.0","60d9faa609c8dcb9e5e05481","F1","batch6","tol_toboard","993","","","","","","","","","","","","","","tol_peg_2","993","993","0","[[1,0,0],[3,2],[0]]","1","[[2,0,0],[3,0],[1]]","14","0","","","","","","3"
"","","","","","single-stim-button","606","3507486","0.0-4.0-53.1-0.1","60d9faa609c8dcb9e5e05481","F1","batch6","tol_tohand","1471","","","","","","","","","","","","","","tol_peg_1","1471","1471","0","[[0,0,0],[3,2],[0]]","2","[[2,0,0],[3,0],[1]]","14","0","","","","","","3"
"","","","","","single-stim-button","607","3509377","0.0-4.0-53.1-1.1","60d9faa609c8dcb9e5e05481","F1","batch6","tol_toboard","1891","","","","","","","","","","","","","","tol_peg_3","1891","1891","0","[[0,0,0],[3,2],[1]]","2","[[2,0,0],[3,0],[1]]","14","0","","","","","","3"
"","","","","","single-stim-button","608","3523977","0.0-4.0-53.2-0.2","60d9faa609c8dcb9e5e05481","F1","batch6","tol_tohand","14599","","","","","","","","","","","","","","tol_peg_2","14599","14599","0","[[0,0,0],[3,0],[1]]","3","[[2,0,0],[3,0],[1]]","14","0","","","","","","3"
"","","","","","single-stim-button","609","3524907","0.0-4.0-53.2-1.2","60d9faa609c8dcb9e5e05481","F1","batch6","tol_toboard","929","","","","","","","","","","","","","","tol_peg_1","929","929","0","[[2,0,0],[3,0],[1]]","3","[[2,0,0],[3,0],[1]]","14","0","","","","","","3"
"","","","","","poldrack-single-stim","610","3525922","0.0-4.0-54.0","60d9faa609c8dcb9e5e05481","F1","batch6","tol_feedback","-1","","","","","true","","","","","","","","","","1000","1000","500","","","","","","-1","none","true","8894","24964",""
"","","","","","html-button-response","611","3528021","0.0-4.0-55.0","60d9faa609c8dcb9e5e05481","F1","batch6","tol_trial_num","2098","<div class = centerbox><p class = center-block-text>problem <strong>16</strong> out of 25 problems</p></div>","0","","","","","","","","","","","","","","","","","","","","","","","","","",""
"","","","","","single-stim-button","612","3540059","0.0-4.0-56.0-0.0","60d9faa609c8dcb9e5e05481","F1","batch6","tol_tohand","12037","","","","","","","","","","","","","","tol_peg_3","12037","12037","0","[[0,0,0],[2,3],[0]]","1","[[2,3,0],[1,0],[0]]","15","0","","","","","","7"
"","","","","","single-stim-button","613","3541263","0.0-4.0-56.0-1.0","60d9faa609c8dcb9e5e05481","F1","batch6","tol_toboard","1203","","","","","","","","","","","","","","tol_peg_1","1203","1203","0","[[1,0,0],[2,3],[0]]","1","[[2,3,0],[1,0],[0]]","15","0","","","","","","7"
"","","","","","single-stim-button","614","3542159","0.0-4.0-56.1-0.1","60d9faa609c8dcb9e5e05481","F1","batch6","tol_tohand","895","","","","","","","","","","","","","","tol_peg_2","895","895","0","[[1,0,0],[2,0],[0]]","2","[[2,3,0],[1,0],[0]]","15","0","","","","","","7"
"","","","","","single-stim-button","615","3543495","0.0-4.0-56.1-1.1","60d9faa609c8dcb9e5e05481","F1","batch6","tol_toboard","1335","","","","","","","","","","","","","","tol_peg_3","1335","1335","0","[[1,0,0],[2,0],[3]]","2","[[2,3,0],[1,0],[0]]","15","0","","","","","","7"
"","","","","","single-stim-button","616","3548785","0.0-4.0-56.2-0.2","60d9faa609c8dcb9e5e05481","F1","batch6","tol_tohand","5289","","","","","","","","","","","","","","tol_peg_2","5289","5289","0","[[1,0,0],[0,0],[3]]","3","[[2,3,0],[1,0],[0]]","15","0","","","","","","7"
"","","","","","single-stim-button","617","3553297","0.0-4.0-56.2-1.2","60d9faa609c8dcb9e5e05481","F1","batch6","tol_toboard","4511","","","","","","","","","","","","","","tol_peg_1","4511","4511","0","[[1,2,0],[0,0],[3]]","3","[[2,3,0],[1,0],[0]]","15","0","","","","","","7"
"","","","","","single-stim-button","618","3554365","0.0-4.0-56.3-0.3","60d9faa609c8dcb9e5e05481","F1","batch6","tol_tohand","1067","","","","","","","","","","","","","","tol_peg_3","1067","1067","0","[[1,2,0],[0,0],[0]]","4","[[2,3,0],[1,0],[0]]","15","0","","","","","","7"
"","","","","","single-stim-button","619","3555418","0.0-4.0-56.3-1.3","60d9faa609c8dcb9e5e05481","F1","batch6","tol_toboard","1051","","","","","","","","","","","","","","tol_peg_2","1051","1051","0","[[1,2,0],[3,0],[0]]","4","[[2,3,0],[1,0],[0]]","15","0","","","","","","7"
"","","","","","single-stim-button","620","3557379","0.0-4.0-56.4-0.4","60d9faa609c8dcb9e5e05481","F1","batch6","tol_tohand","1961","","","","","","","","","","","","","","tol_peg_1","1961","1961","0","[[1,0,0],[3,0],[0]]","5","[[2,3,0],[1,0],[0]]","15","0","","","","","","7"
"","","","","","single-stim-button","621","3560903","0.0-4.0-56.4-1.4","60d9faa609c8dcb9e5e05481","F1","batch6","tol_toboard","3524","","","","","","","","","","","","","","tol_peg_3","3524","3524","0","[[1,0,0],[3,0],[2]]","5","[[2,3,0],[1,0],[0]]","15","0","","","","","","7"
"","","","","","single-stim-button","622","3562527","0.0-4.0-56.5-0.5","60d9faa609c8dcb9e5e05481","F1","batch6","tol_tohand","1623","","","","","","","","","","","","","","tol_peg_2","1623","1623","0","[[1,0,0],[0,0],[2]]","6","[[2,3,0],[1,0],[0]]","15","0","","","","","","7"
"","","","","","single-stim-button","623","3566443","0.0-4.0-56.5-1.5","60d9faa609c8dcb9e5e05481","F1","batch6","tol_toboard","3915","","","","","","","","","","","","","","tol_peg_2","3915","3915","0","[[1,0,0],[3,0],[2]]","6","[[2,3,0],[1,0],[0]]","15","0","","","","","","7"
"","","","","","single-stim-button","624","3567229","0.0-4.0-56.6-0.6","60d9faa609c8dcb9e5e05481","F1","batch6","tol_tohand","785","","","","","","","","","","","","","","tol_peg_1","785","785","0","[[0,0,0],[3,0],[2]]","7","[[2,3,0],[1,0],[0]]","15","0","","","","","","7"
"","","","","","single-stim-button","625","3569039","0.0-4.0-56.6-1.6","60d9faa609c8dcb9e5e05481","F1","batch6","tol_toboard","1810","","","","","","","","","","","","","","tol_peg_2","1810","1810","0","[[0,0,0],[3,1],[2]]","7","[[2,3,0],[1,0],[0]]","15","0","","","","","","7"
"","","","","","single-stim-button","626","3569779","0.0-4.0-56.7-0.7","60d9faa609c8dcb9e5e05481","F1","batch6","tol_tohand","739","","","","","","","","","","","","","","tol_peg_3","739","739","0","[[0,0,0],[3,1],[0]]","8","[[2,3,0],[1,0],[0]]","15","0","","","","","","7"
"","","","","","single-stim-button","627","3570949","0.0-4.0-56.7-1.7","60d9faa609c8dcb9e5e05481","F1","batch6","tol_toboard","1169","","","","","","","","","","","","","","tol_peg_1","1169","1169","0","[[2,0,0],[3,1],[0]]","8","[[2,3,0],[1,0],[0]]","15","0","","","","","","7"
"","","","","","single-stim-button","628","3573487","0.0-4.0-56.8-0.8","60d9faa609c8dcb9e5e05481","F1","batch6","tol_tohand","2537","","","","","","","","","","","","","","tol_peg_2","2537","2537","0","[[2,0,0],[3,0],[0]]","9","[[2,3,0],[1,0],[0]]","15","0","","","","","","7"
"","","","","","single-stim-button","629","3574255","0.0-4.0-56.8-1.8","60d9faa609c8dcb9e5e05481","F1","batch6","tol_toboard","767","","","","","","","","","","","","","","tol_peg_3","767","767","0","[[2,0,0],[3,0],[1]]","9","[[2,3,0],[1,0],[0]]","15","0","","","","","","7"
"","","","","","single-stim-button","630","3574921","0.0-4.0-56.9-0.9","60d9faa609c8dcb9e5e05481","F1","batch6","tol_tohand","665","","","","","","","","","","","","","","tol_peg_2","665","665","0","[[2,0,0],[0,0],[1]]","10","[[2,3,0],[1,0],[0]]","15","0","","","","","","7"
"","","","","","single-stim-button","631","3575851","0.0-4.0-56.9-1.9","60d9faa609c8dcb9e5e05481","F1","batch6","tol_toboard","929","","","","","","","","","","","","","","tol_peg_1","929","929","0","[[2,3,0],[0,0],[1]]","10","[[2,3,0],[1,0],[0]]","15","0","","","","","","7"
"","","","","","single-stim-button","632","3576951","0.0-4.0-56.10-0.10","60d9faa609c8dcb9e5e05481","F1","batch6","tol_tohand","1099","","","","","","","","","","","","","","tol_peg_3","1099","1099","0","[[2,3,0],[0,0],[0]]","11","[[2,3,0],[1,0],[0]]","15","0","","","","","","7"
"","","","","","single-stim-button","633","3577817","0.0-4.0-56.10-1.10","60d9faa609c8dcb9e5e05481","F1","batch6","tol_toboard","865","","","","","","","","","","","","","","tol_peg_2","865","865","0","[[2,3,0],[1,0],[0]]","11","[[2,3,0],[1,0],[0]]","15","0","","","","","","7"
"","","","","","poldrack-single-stim","634","3578819","0.0-4.0-57.0","60d9faa609c8dcb9e5e05481","F1","batch6","tol_feedback","-1","","","","","true","","","","","","","","","","1000","1000","500","","","","","","-1","none","true","12037","28697",""
"","","","","","html-button-response","635","3580311","0.0-4.0-58.0","60d9faa609c8dcb9e5e05481","F1","batch6","tol_trial_num","1491.3999999761581","<div class = centerbox><p class = center-block-text>problem <strong>17</strong> out of 25 problems</p></div>","0","","","","","","","","","","","","","","","","","","","","","","","","","",""
"","","","","","single-stim-button","636","3583611","0.0-4.0-59.0-0.0","60d9faa609c8dcb9e5e05481","F1","batch6","tol_tohand","3299","","","","","","","","","","","","","","tol_peg_1","3299","3299","0","[[1,0,0],[3,0],[0]]","1","[[3,1,0],[2,0],[0]]","16","0","","","","","","5"
"","","","","","single-stim-button","637","3585569","0.0-4.0-59.0-1.0","60d9faa609c8dcb9e5e05481","F1","batch6","tol_toboard","1957","","","","","","","","","","","","","","tol_peg_3","1957","1957","0","[[1,0,0],[3,0],[2]]","1","[[3,1,0],[2,0],[0]]","16","0","","","","","","5"
"","","","","","single-stim-button","638","3591209","0.0-4.0-59.1-0.1","60d9faa609c8dcb9e5e05481","F1","batch6","tol_tohand","5639","","","","","","","","","","","","","","tol_peg_2","5639","5639","0","[[1,0,0],[0,0],[2]]","2","[[3,1,0],[2,0],[0]]","16","0","","","","","","5"
"","","","","","single-stim-button","639","3592229","0.0-4.0-59.1-1.1","60d9faa609c8dcb9e5e05481","F1","batch6","tol_toboard","1019","","","","","","","","","","","","","","tol_peg_1","1019","1019","0","[[1,3,0],[0,0],[2]]","2","[[3,1,0],[2,0],[0]]","16","0","","","","","","5"
"","","","","","single-stim-button","640","3593071","0.0-4.0-59.2-0.2","60d9faa609c8dcb9e5e05481","F1","batch6","tol_tohand","841","","","","","","","","","","","","","","tol_peg_3","841","841","0","[[1,3,0],[0,0],[0]]","3","[[3,1,0],[2,0],[0]]","16","0","","","","","","5"
"","","","","","single-stim-button","641","3593957","0.0-4.0-59.2-1.2","60d9faa609c8dcb9e5e05481","F1","batch6","tol_toboard","885","","","","","","","","","","","","","","tol_peg_2","885","885","0","[[1,3,0],[2,0],[0]]","3","[[3,1,0],[2,0],[0]]","16","0","","","","","","5"
"","","","","","single-stim-button","642","3596001","0.0-4.0-59.3-0.3","60d9faa609c8dcb9e5e05481","F1","batch6","tol_tohand","2043","","","","","","","","","","","","","","tol_peg_1","2043","2043","0","[[1,0,0],[2,0],[0]]","4","[[3,1,0],[2,0],[0]]","16","0","","","","","","5"
"","","","","","single-stim-button","643","3597551","0.0-4.0-59.3-1.3","60d9faa609c8dcb9e5e05481","F1","batch6","tol_toboard","1549","","","","","","","","","","","","","","tol_peg_2","1549","1549","0","[[1,0,0],[2,3],[0]]","4","[[3,1,0],[2,0],[0]]","16","0","","","","","","5"
"","","","","","single-stim-button","644","3599289","0.0-4.0-59.4-0.4","60d9faa609c8dcb9e5e05481","F1","batch6","tol_tohand","1737","","","","","","","","","","","","","","tol_peg_1","1737","1737","0","[[0,0,0],[2,3],[0]]","5","[[3,1,0],[2,0],[0]]","16","0","","","","","","5"
"","","","","","single-stim-button","645","3600661","0.0-4.0-59.4-1.4","60d9faa609c8dcb9e5e05481","F1","batch6","tol_toboard","1371","","","","","","","","","","","","","","tol_peg_3","1371","1371","0","[[0,0,0],[2,3],[1]]","5","[[3,1,0],[2,0],[0]]","16","0","","","","","","5"
"","","","","","single-stim-button","646","3601515","0.0-4.0-59.5-0.5","60d9faa609c8dcb9e5e05481","F1","batch6","tol_tohand","853","","","","","","","","","","","","","","tol_peg_2","853","853","0","[[0,0,0],[2,0],[1]]","6","[[3,1,0],[2,0],[0]]","16","0","","","","","","5"
"","","","","","single-stim-button","647","3602527","0.0-4.0-59.5-1.5","60d9faa609c8dcb9e5e05481","F1","batch6","tol_toboard","1011","","","","","","","","","","","","","","tol_peg_1","1011","1011","0","[[3,0,0],[2,0],[1]]","6","[[3,1,0],[2,0],[0]]","16","0","","","","","","5"
"","","","","","single-stim-button","648","3603418","0.0-4.0-59.6-0.6","60d9faa609c8dcb9e5e05481","F1","batch6","tol_tohand","890","","","","","","","","","","","","","","tol_peg_3","890","890","0","[[3,0,0],[2,0],[0]]","7","[[3,1,0],[2,0],[0]]","16","0","","","","","","5"
"","","","","","single-stim-button","649","3604341","0.0-4.0-59.6-1.6","60d9faa609c8dcb9e5e05481","F1","batch6","tol_toboard","923","","","","","","","","","","","","","","tol_peg_1","923","923","0","[[3,1,0],[2,0],[0]]","7","[[3,1,0],[2,0],[0]]","16","0","","","","","","5"
"","","","","","poldrack-single-stim","650","3605343","0.0-4.0-60.0","60d9faa609c8dcb9e5e05481","F1","batch6","tol_feedback","-1","","","","","true","","","","","","","","","","1000","1000","500","","","","","","-1","none","true","3299","15302",""
"","","","","","html-button-response","651","3606693","0.0-4.0-61.0","60d9faa609c8dcb9e5e05481","F1","batch6","tol_trial_num","1348.5","<div class = centerbox><p class = center-block-text>problem <strong>18</strong> out of 25 problems</p></div>","0","","","","","","","","","","","","","","","","","","","","","","","","","",""
"","","","","","single-stim-button","652","3610694","0.0-4.0-62.0-0.0","60d9faa609c8dcb9e5e05481","F1","batch6","tol_tohand","4000","","","","","","","","","","","","","","tol_peg_1","4000","4000","0","[[1,0,0],[3,0],[0]]","1","[[3,0,0],[2,0],[1]]","17","0","","","","","","5"
"","","","","","single-stim-button","653","3612281","0.0-4.0-62.0-1.0","60d9faa609c8dcb9e5e05481","F1","batch6","tol_toboard","1587","","","","","","","","","","","","","","tol_peg_2","1587","1587","0","[[1,0,0],[3,2],[0]]","1","[[3,0,0],[2,0],[1]]","17","0","","","","","","5"
"","","","","","single-stim-button","654","3614167","0.0-4.0-62.1-0.1","60d9faa609c8dcb9e5e05481","F1","batch6","tol_tohand","1885","","","","","","","","","","","","","","tol_peg_1","1885","1885","0","[[0,0,0],[3,2],[0]]","2","[[3,0,0],[2,0],[1]]","17","0","","","","","","5"
"","","","","","single-stim-button","655","3615347","0.0-4.0-62.1-1.1","60d9faa609c8dcb9e5e05481","F1","batch6","tol_toboard","1179","","","","","","","","","","","","","","tol_peg_3","1179","1179","0","[[0,0,0],[3,2],[1]]","2","[[3,0,0],[2,0],[1]]","17","0","","","","","","5"
"","","","","","single-stim-button","656","3616419","0.0-4.0-62.2-0.2","60d9faa609c8dcb9e5e05481","F1","batch6","tol_tohand","1071","","","","","","","","","","","","","","tol_peg_2","1071","1071","0","[[0,0,0],[3,0],[1]]","3","[[3,0,0],[2,0],[1]]","17","0","","","","","","5"
"","","","","","single-stim-button","657","3622979","0.0-4.0-62.2-1.2","60d9faa609c8dcb9e5e05481","F1","batch6","tol_toboard","6559","","","","","","","","","","","","","","tol_peg_2","6559","6559","0","[[0,0,0],[3,2],[1]]","3","[[3,0,0],[2,0],[1]]","17","0","","","","","","5"
"","","","","","single-stim-button","658","3624549","0.0-4.0-62.3-0.3","60d9faa609c8dcb9e5e05481","F1","batch6","tol_tohand","1569","","","","","","","","","","","","","","tol_peg_2","1569","1569","0","[[0,0,0],[3,0],[1]]","4","[[3,0,0],[2,0],[1]]","17","0","","","","","","5"
"","","","","","single-stim-button","659","3625738","0.0-4.0-62.3-1.3","60d9faa609c8dcb9e5e05481","F1","batch6","tol_toboard","1188","","","","","","","","","","","","","","tol_peg_1","1188","1188","0","[[2,0,0],[3,0],[1]]","4","[[3,0,0],[2,0],[1]]","17","0","","","","","","5"
"","","","","","single-stim-button","660","3626576","0.0-4.0-62.4-0.4","60d9faa609c8dcb9e5e05481","F1","batch6","tol_tohand","838","","","","","","","","","","","","","","tol_peg_2","838","838","0","[[2,0,0],[0,0],[1]]","5","[[3,0,0],[2,0],[1]]","17","0","","","","","","5"
"","","","","","single-stim-button","661","3627508","0.0-4.0-62.4-1.4","60d9faa609c8dcb9e5e05481","F1","batch6","tol_toboard","932","","","","","","","","","","","","","","tol_peg_1","932","932","0","[[2,3,0],[0,0],[1]]","5","[[3,0,0],[2,0],[1]]","17","0","","","","","","5"
"","","","","","single-stim-button","662","3630464","0.0-4.0-62.5-0.5","60d9faa609c8dcb9e5e05481","F1","batch6","tol_tohand","2956","","","","","","","","","","","","","","tol_peg_1","2956","2956","0","[[2,0,0],[0,0],[1]]","6","[[3,0,0],[2,0],[1]]","17","0","","","","","","5"
"","","","","","single-stim-button","663","3632024","0.0-4.0-62.5-1.5","60d9faa609c8dcb9e5e05481","F1","batch6","tol_toboard","1560","","","","","","","","","","","","","","tol_peg_2","1560","1560","0","[[2,0,0],[3,0],[1]]","6","[[3,0,0],[2,0],[1]]","17","0","","","","","","5"
"","","","","","single-stim-button","664","3632969","0.0-4.0-62.6-0.6","60d9faa609c8dcb9e5e05481","F1","batch6","tol_tohand","945","","","","","","","","","","","","","","tol_peg_1","945","945","0","[[0,0,0],[3,0],[1]]","7","[[3,0,0],[2,0],[1]]","17","0","","","","","","5"
"","","","","","single-stim-button","665","3635436","0.0-4.0-62.6-1.6","60d9faa609c8dcb9e5e05481","F1","batch6","tol_toboard","2465","","","","","","","","","","","","","","tol_peg_2","2465","2465","0","[[0,0,0],[3,2],[1]]","7","[[3,0,0],[2,0],[1]]","17","0","","","","","","5"
"","","","","","single-stim-button","666","3638344","0.0-4.0-62.7-0.7","60d9faa609c8dcb9e5e05481","F1","batch6","tol_tohand","2908","","","","","","","","","","","","","","tol_peg_3","2908","2908","0","[[0,0,0],[3,2],[0]]","8","[[3,0,0],[2,0],[1]]","17","0","","","","","","5"
"","","","","","single-stim-button","667","3639426","0.0-4.0-62.7-1.7","60d9faa609c8dcb9e5e05481","F1","batch6","tol_toboard","1082","","","","","","","","","","","","","","tol_peg_1","1082","1082","0","[[1,0,0],[3,2],[0]]","8","[[3,0,0],[2,0],[1]]","17","0","","","","","","5"
"","","","","","single-stim-button","668","3643116","0.0-4.0-62.8-0.8","60d9faa609c8dcb9e5e05481","F1","batch6","tol_tohand","3689","","","","","","","","","","","","","","tol_peg_2","3689","3689","0","[[1,0,0],[3,0],[0]]","9","[[3,0,0],[2,0],[1]]","17","0","","","","","","5"
"","","","","","single-stim-button","669","3644490","0.0-4.0-62.8-1.8","60d9faa609c8dcb9e5e05481","F1","batch6","tol_toboard","1374","","","","","","","","","","","","","","tol_peg_3","1374","1374","0","[[1,0,0],[3,0],[2]]","9","[[3,0,0],[2,0],[1]]","17","0","","","","","","5"
"","","","","","single-stim-button","670","3646837","0.0-4.0-62.9-0.9","60d9faa609c8dcb9e5e05481","F1","batch6","tol_tohand","2347","","","","","","","","","","","","","","tol_peg_2","2347","2347","0","[[1,0,0],[0,0],[2]]","10","[[3,0,0],[2,0],[1]]","17","0","","","","","","5"
"","","","","","single-stim-button","671","3648604","0.0-4.0-62.9-1.9","60d9faa609c8dcb9e5e05481","F1","batch6","tol_toboard","1766","","","","","","","","","","","","","","tol_peg_2","1766","1766","0","[[1,0,0],[3,0],[2]]","10","[[3,0,0],[2,0],[1]]","17","0","","","","","","5"
"","","","","","single-stim-button","672","3649948","0.0-4.0-62.10-0.10","60d9faa609c8dcb9e5e05481","F1","batch6","tol_tohand","1344","","","","","","","","","","","","","","tol_peg_2","1344","1344","0","[[1,0,0],[0,0],[2]]","11","[[3,0,0],[2,0],[1]]","17","0","","","","","","5"
"","","","","","single-stim-button","673","3651512","0.0-4.0-62.10-1.10","60d9faa609c8dcb9e5e05481","F1","batch6","tol_toboard","1564","","","","","","","","","","","","","","tol_peg_1","1564","1564","0","[[1,3,0],[0,0],[2]]","11","[[3,0,0],[2,0],[1]]","17","0","","","","","","5"
"","","","","","single-stim-button","674","3652386","0.0-4.0-62.11-0.11","60d9faa609c8dcb9e5e05481","F1","batch6","tol_tohand","874","","","","","","","","","","","","","","tol_peg_3","874","874","0","[[1,3,0],[0,0],[0]]","12","[[3,0,0],[2,0],[1]]","17","0","","","","","","5"
"","","","","","single-stim-button","675","3653446","0.0-4.0-62.11-1.11","60d9faa609c8dcb9e5e05481","F1","batch6","tol_toboard","1059","","","","","","","","","","","","","","tol_peg_2","1059","1059","0","[[1,3,0],[2,0],[0]]","12","[[3,0,0],[2,0],[1]]","17","0","","","","","","5"
"","","","","","single-stim-button","676","3655194","0.0-4.0-62.12-0.12","60d9faa609c8dcb9e5e05481","F1","batch6","tol_tohand","1748","","","","","","","","","","","","","","tol_peg_1","1748","1748","0","[[1,0,0],[2,0],[0]]","13","[[3,0,0],[2,0],[1]]","17","0","","","","","","5"
"","","","","","single-stim-button","677","3656636","0.0-4.0-62.12-1.12","60d9faa609c8dcb9e5e05481","F1","batch6","tol_toboard","1442","","","","","","","","","","","","","","tol_peg_3","1442","1442","0","[[1,0,0],[2,0],[3]]","13","[[3,0,0],[2,0],[1]]","17","0","","","","","","5"
"","","","","","single-stim-button","678","3657568","0.0-4.0-62.13-0.13","60d9faa609c8dcb9e5e05481","F1","batch6","tol_tohand","932","","","","","","","","","","","","","","tol_peg_1","932","932","0","[[0,0,0],[2,0],[3]]","14","[[3,0,0],[2,0],[1]]","17","0","","","","","","5"
"","","","","","single-stim-button","679","3658414","0.0-4.0-62.13-1.13","60d9faa609c8dcb9e5e05481","F1","batch6","tol_toboard","846","","","","","","","","","","","","","","tol_peg_2","846","846","0","[[0,0,0],[2,1],[3]]","14","[[3,0,0],[2,0],[1]]","17","0","","","","","","5"
"","","","","","single-stim-button","680","3659240","0.0-4.0-62.14-0.14","60d9faa609c8dcb9e5e05481","F1","batch6","tol_tohand","825","","","","","","","","","","","","","","tol_peg_3","825","825","0","[[0,0,0],[2,1],[0]]","15","[[3,0,0],[2,0],[1]]","17","0","","","","","","5"
"","","","","","single-stim-button","681","3660702","0.0-4.0-62.14-1.14","60d9faa609c8dcb9e5e05481","F1","batch6","tol_toboard","1462","","","","","","","","","","","","","","tol_peg_1","1462","1462","0","[[3,0,0],[2,1],[0]]","15","[[3,0,0],[2,0],[1]]","17","0","","","","","","5"
"","","","","","single-stim-button","682","3661678","0.0-4.0-62.15-0.15","60d9faa609c8dcb9e5e05481","F1","batch6","tol_tohand","976","","","","","","","","","","","","","","tol_peg_2","976","976","0","[[3,0,0],[2,0],[0]]","16","[[3,0,0],[2,0],[1]]","17","0","","","","","","5"
"","","","","","single-stim-button","683","3662664","0.0-4.0-62.15-1.15","60d9faa609c8dcb9e5e05481","F1","batch6","tol_toboard","986","","","","","","","","","","","","","","tol_peg_3","986","986","0","[[3,0,0],[2,0],[1]]","16","[[3,0,0],[2,0],[1]]","17","0","","","","","","5"
"","","","","","poldrack-single-stim","684","3663666","0.0-4.0-63.0","60d9faa609c8dcb9e5e05481","F1","batch6","tol_feedback","-1","","","","","true","","","","","","","","","","1000","1000","500","","","","","","-1","none","true","4000","28907",""
"","","","","","html-button-response","685","3664888","0.0-4.0-64.0","60d9faa609c8dcb9e5e05481","F1","batch6","tol_trial_num","1220.6000000238419","<div class = centerbox><p class = center-block-text>problem <strong>19</strong> out of 25 problems</p></div>","0","","","","","","","","","","","","","","","","","","","","","","","","","",""
"","","","","","single-stim-button","686","3667572","0.0-4.0-65.0-0.0","60d9faa609c8dcb9e5e05481","F1","batch6","tol_tohand","2684","","","","","","","","","","","","","","tol_peg_2","2684","2684","0","[[1,2,0],[0,0],[0]]","1","[[0,0,0],[1,2],[3]]","18","0","","","","","","7"
"","","","","","single-stim-button","687","3668276","0.0-4.0-65.0-1.0","60d9faa609c8dcb9e5e05481","F1","batch6","tol_toboard","704","","","","","","","","","","","","","","tol_peg_3","704","704","0","[[1,2,0],[0,0],[3]]","1","[[0,0,0],[1,2],[3]]","18","0","","","","","","7"
"","","","","","single-stim-button","688","3676524","0.0-4.0-65.1-0.1","60d9faa609c8dcb9e5e05481","F1","batch6","tol_tohand","8248","","","","","","","","","","","","","","tol_peg_1","8248","8248","0","[[1,0,0],[0,0],[3]]","2","[[0,0,0],[1,2],[3]]","18","0","","","","","","7"
"","","","","","single-stim-button","689","3679138","0.0-4.0-65.1-1.1","60d9faa609c8dcb9e5e05481","F1","batch6","tol_toboard","2614","","","","","","","","","","","","","","tol_peg_1","2614","2614","0","[[1,2,0],[0,0],[3]]","2","[[0,0,0],[1,2],[3]]","18","0","","","","","","7"
"","","","","","single-stim-button","690","3679968","0.0-4.0-65.2-0.2","60d9faa609c8dcb9e5e05481","F1","batch6","tol_tohand","830","","","","","","","","","","","","","","tol_peg_3","830","830","0","[[1,2,0],[0,0],[0]]","3","[[0,0,0],[1,2],[3]]","18","0","","","","","","7"
"","","","","","single-stim-button","691","3682426","0.0-4.0-65.2-1.2","60d9faa609c8dcb9e5e05481","F1","batch6","tol_toboard","2457","","","","","","","","","","","","","","tol_peg_2","2457","2457","0","[[1,2,0],[3,0],[0]]","3","[[0,0,0],[1,2],[3]]","18","0","","","","","","7"
"","","","","","single-stim-button","692","3684738","0.0-4.0-65.3-0.3","60d9faa609c8dcb9e5e05481","F1","batch6","tol_tohand","2312","","","","","","","","","","","","","","tol_peg_1","2312","2312","0","[[1,0,0],[3,0],[0]]","4","[[0,0,0],[1,2],[3]]","18","0","","","","","","7"
"","","","","","single-stim-button","693","3685967","0.0-4.0-65.3-1.3","60d9faa609c8dcb9e5e05481","F1","batch6","tol_toboard","1229","","","","","","","","","","","","","","tol_peg_3","1229","1229","0","[[1,0,0],[3,0],[2]]","4","[[0,0,0],[1,2],[3]]","18","0","","","","","","7"
"","","","","","single-stim-button","694","3690905","0.0-4.0-65.4-0.4","60d9faa609c8dcb9e5e05481","F1","batch6","tol_tohand","4937","","","","","","","","","","","","","","tol_peg_2","4937","4937","0","[[1,0,0],[0,0],[2]]","5","[[0,0,0],[1,2],[3]]","18","0","","","","","","7"
"","","","","","single-stim-button","695","3696207","0.0-4.0-65.4-1.4","60d9faa609c8dcb9e5e05481","F1","batch6","tol_toboard","5301","","","","","","","","","","","","","","tol_peg_2","5301","5301","0","[[1,0,0],[3,0],[2]]","5","[[0,0,0],[1,2],[3]]","18","0","","","","","","7"
"","","","","","single-stim-button","696","3697030","0.0-4.0-65.5-0.5","60d9faa609c8dcb9e5e05481","F1","batch6","tol_tohand","821","","","","","","","","","","","","","","tol_peg_3","821","821","0","[[1,0,0],[3,0],[0]]","6","[[0,0,0],[1,2],[3]]","18","0","","","","","","7"
"","","","","","single-stim-button","697","3698243","0.0-4.0-65.5-1.5","60d9faa609c8dcb9e5e05481","F1","batch6","tol_toboard","1213","","","","","","","","","","","","","","tol_peg_1","1213","1213","0","[[1,2,0],[3,0],[0]]","6","[[0,0,0],[1,2],[3]]","18","0","","","","","","7"
"","","","","","single-stim-button","698","3699259","0.0-4.0-65.6-0.6","60d9faa609c8dcb9e5e05481","F1","batch6","tol_tohand","1015","","","","","","","","","","","","","","tol_peg_2","1015","1015","0","[[1,2,0],[0,0],[0]]","7","[[0,0,0],[1,2],[3]]","18","0","","","","","","7"
"","","","","","single-stim-button","699","3700405","0.0-4.0-65.6-1.6","60d9faa609c8dcb9e5e05481","F1","batch6","tol_toboard","1145","","","","","","","","","","","","","","tol_peg_3","1145","1145","0","[[1,2,0],[0,0],[3]]","7","[[0,0,0],[1,2],[3]]","18","0","","","","","","7"
"","","","","","single-stim-button","700","3705858","0.0-4.0-65.7-0.7","60d9faa609c8dcb9e5e05481","F1","batch6","tol_tohand","5449","","","","","","","","","","","","","","tol_peg_1","5449","5449","0","[[1,0,0],[0,0],[3]]","8","[[0,0,0],[1,2],[3]]","18","0","","","","","","7"
"","","","","","single-stim-button","701","3708650","0.0-4.0-65.7-1.7","60d9faa609c8dcb9e5e05481","F1","batch6","tol_toboard","2791","","","","","","","","","","","","","","tol_peg_2","2791","2791","0","[[1,0,0],[2,0],[3]]","8","[[0,0,0],[1,2],[3]]","18","0","","","","","","7"
"","","","","","single-stim-button","702","3710746","0.0-4.0-65.8-0.8","60d9faa609c8dcb9e5e05481","F1","batch6","tol_tohand","2096","","","","","","","","","","","","","","tol_peg_1","2096","2096","0","[[0,0,0],[2,0],[3]]","9","[[0,0,0],[1,2],[3]]","18","0","","","","","","7"
"","","","","","single-stim-button","703","3711767","0.0-4.0-65.8-1.8","60d9faa609c8dcb9e5e05481","F1","batch6","tol_toboard","1021","","","","","","","","","","","","","","tol_peg_2","1021","1021","0","[[0,0,0],[2,1],[3]]","9","[[0,0,0],[1,2],[3]]","18","0","","","","","","7"
"","","","","","single-stim-button","704","3712651","0.0-4.0-65.9-0.9","60d9faa609c8dcb9e5e05481","F1","batch6","tol_tohand","883","","","","","","","","","","","","","","tol_peg_3","883","883","0","[[0,0,0],[2,1],[0]]","10","[[0,0,0],[1,2],[3]]","18","0","","","","","","7"
"","","","","","single-stim-button","705","3713743","0.0-4.0-65.9-1.9","60d9faa609c8dcb9e5e05481","F1","batch6","tol_toboard","1091","","","","","","","","","","","","","","tol_peg_1","1091","1091","0","[[3,0,0],[2,1],[0]]","10","[[0,0,0],[1,2],[3]]","18","0","","","","","","7"
"","","","","","single-stim-button","706","3715980","0.0-4.0-65.10-0.10","60d9faa609c8dcb9e5e05481","F1","batch6","tol_tohand","2235","","","","","","","","","","","","","","tol_peg_2","2235","2235","0","[[3,0,0],[2,0],[0]]","11","[[0,0,0],[1,2],[3]]","18","0","","","","","","7"
"","","","","","single-stim-button","707","3716679","0.0-4.0-65.10-1.10","60d9faa609c8dcb9e5e05481","F1","batch6","tol_toboard","699","","","","","","","","","","","","","","tol_peg_3","699","699","0","[[3,0,0],[2,0],[1]]","11","[[0,0,0],[1,2],[3]]","18","0","","","","","","7"
"","","","","","single-stim-button","708","3718252","0.0-4.0-65.11-0.11","60d9faa609c8dcb9e5e05481","F1","batch6","tol_tohand","1572","","","","","","","","","","","","","","tol_peg_2","1572","1572","0","[[3,0,0],[0,0],[1]]","12","[[0,0,0],[1,2],[3]]","18","0","","","","","","7"
"","","","","","single-stim-button","709","3719061","0.0-4.0-65.11-1.11","60d9faa609c8dcb9e5e05481","F1","batch6","tol_toboard","809","","","","","","","","","","","","","","tol_peg_1","809","809","0","[[3,2,0],[0,0],[1]]","12","[[0,0,0],[1,2],[3]]","18","0","","","","","","7"
"","","","","","single-stim-button","710","3720092","0.0-4.0-65.12-0.12","60d9faa609c8dcb9e5e05481","F1","batch6","tol_tohand","1029","","","","","","","","","","","","","","tol_peg_3","1029","1029","0","[[3,2,0],[0,0],[0]]","13","[[0,0,0],[1,2],[3]]","18","0","","","","","","7"
"","","","","","single-stim-button","711","3721011","0.0-4.0-65.12-1.12","60d9faa609c8dcb9e5e05481","F1","batch6","tol_toboard","919","","","","","","","","","","","","","","tol_peg_2","919","919","0","[[3,2,0],[1,0],[0]]","13","[[0,0,0],[1,2],[3]]","18","0","","","","","","7"
"","","","","","single-stim-button","712","3722151","0.0-4.0-65.13-0.13","60d9faa609c8dcb9e5e05481","F1","batch6","tol_tohand","1139","","","","","","","","","","","","","","tol_peg_1","1139","1139","0","[[3,0,0],[1,0],[0]]","14","[[0,0,0],[1,2],[3]]","18","0","","","","","","7"
"","","","","","single-stim-button","713","3722977","0.0-4.0-65.13-1.13","60d9faa609c8dcb9e5e05481","F1","batch6","tol_toboard","825","","","","","","","","","","","","","","tol_peg_2","825","825","0","[[3,0,0],[1,2],[0]]","14","[[0,0,0],[1,2],[3]]","18","0","","","","","","7"
"","","","","","single-stim-button","714","3723682","0.0-4.0-65.14-0.14","60d9faa609c8dcb9e5e05481","F1","batch6","tol_tohand","703","","","","","","","","","","","","","","tol_peg_1","703","703","0","[[0,0,0],[1,2],[0]]","15","[[0,0,0],[1,2],[3]]","18","0","","","","","","7"
"","","","","","single-stim-button","715","3724523","0.0-4.0-65.14-1.14","60d9faa609c8dcb9e5e05481","F1","batch6","tol_toboard","841","","","","","","","","","","","","","","tol_peg_3","841","841","0","[[0,0,0],[1,2],[3]]","15","[[0,0,0],[1,2],[3]]","18","0","","","","","","7"
"","","","","","poldrack-single-stim","716","3725525","0.0-4.0-66.0","60d9faa609c8dcb9e5e05481","F1","batch6","tol_feedback","-1","","","","","true","","","","","","","","","","1000","1000","500","","","","","","-1","none","true","2684","35953",""
"","","","","","html-button-response","717","3726793","0.0-4.0-67.0","60d9faa609c8dcb9e5e05481","F1","batch6","tol_trial_num","1267.2000000476837","<div class = centerbox><p class = center-block-text>problem <strong>20</strong> out of 25 problems</p></div>","0","","","","","","","","","","","","","","","","","","","","","","","","","",""
"","","","","","single-stim-button","718","3732506","0.0-4.0-68.0-0.0","60d9faa609c8dcb9e5e05481","F1","batch6","tol_tohand","5711","","","","","","","","","","","","","","tol_peg_2","5711","5711","0","[[1,2,0],[0,0],[0]]","1","[[2,1,0],[0,0],[3]]","19","0","","","","","","5"
"","","","","","single-stim-button","719","3734865","0.0-4.0-68.0-1.0","60d9faa609c8dcb9e5e05481","F1","batch6","tol_toboard","2359","","","","","","","","","","","","","","tol_peg_3","2359","2359","0","[[1,2,0],[0,0],[3]]","1","[[2,1,0],[0,0],[3]]","19","0","","","","","","5"
"","","","","","single-stim-button","720","3737368","0.0-4.0-68.1-0.1","60d9faa609c8dcb9e5e05481","F1","batch6","tol_tohand","2502","","","","","","","","","","","","","","tol_peg_1","2502","2502","0","[[1,0,0],[0,0],[3]]","2","[[2,1,0],[0,0],[3]]","19","0","","","","","","5"
"","","","","","single-stim-button","721","3739321","0.0-4.0-68.1-1.1","60d9faa609c8dcb9e5e05481","F1","batch6","tol_toboard","1953","","","","","","","","","","","","","","tol_peg_2","1953","1953","0","[[1,0,0],[2,0],[3]]","2","[[2,1,0],[0,0],[3]]","19","0","","","","","","5"
"","","","","","single-stim-button","722","3743113","0.0-4.0-68.2-0.2","60d9faa609c8dcb9e5e05481","F1","batch6","tol_tohand","3791","","","","","","","","","","","","","","tol_peg_1","3791","3791","0","[[0,0,0],[2,0],[3]]","3","[[2,1,0],[0,0],[3]]","19","0","","","","","","5"
"","","","","","single-stim-button","723","3744105","0.0-4.0-68.2-1.2","60d9faa609c8dcb9e5e05481","F1","batch6","tol_toboard","991","","","","","","","","","","","","","","tol_peg_2","991","991","0","[[0,0,0],[2,1],[3]]","3","[[2,1,0],[0,0],[3]]","19","0","","","","","","5"
"","","","","","single-stim-button","724","3744853","0.0-4.0-68.3-0.3","60d9faa609c8dcb9e5e05481","F1","batch6","tol_tohand","747","","","","","","","","","","","","","","tol_peg_3","747","747","0","[[0,0,0],[2,1],[0]]","4","[[2,1,0],[0,0],[3]]","19","0","","","","","","5"
"","","","","","single-stim-button","725","3749806","0.0-4.0-68.3-1.3","60d9faa609c8dcb9e5e05481","F1","batch6","tol_toboard","4951","","","","","","","","","","","","","","tol_peg_1","4951","4951","0","[[3,0,0],[2,1],[0]]","4","[[2,1,0],[0,0],[3]]","19","0","","","","","","5"
"","","","","","single-stim-button","726","3750503","0.0-4.0-68.4-0.4","60d9faa609c8dcb9e5e05481","F1","batch6","tol_tohand","697","","","","","","","","","","","","","","tol_peg_2","697","697","0","[[3,0,0],[2,0],[0]]","5","[[2,1,0],[0,0],[3]]","19","0","","","","","","5"
"","","","","","single-stim-button","727","3751345","0.0-4.0-68.4-1.4","60d9faa609c8dcb9e5e05481","F1","batch6","tol_toboard","841","","","","","","","","","","","","","","tol_peg_3","841","841","0","[[3,0,0],[2,0],[1]]","5","[[2,1,0],[0,0],[3]]","19","0","","","","","","5"
"","","","","","single-stim-button","728","3752203","0.0-4.0-68.5-0.5","60d9faa609c8dcb9e5e05481","F1","batch6","tol_tohand","857","","","","","","","","","","","","","","tol_peg_1","857","857","0","[[0,0,0],[2,0],[1]]","6","[[2,1,0],[0,0],[3]]","19","0","","","","","","5"
"","","","","","single-stim-button","729","3753395","0.0-4.0-68.5-1.5","60d9faa609c8dcb9e5e05481","F1","batch6","tol_toboard","1191","","","","","","","","","","","","","","tol_peg_2","1191","1191","0","[[0,0,0],[2,3],[1]]","6","[[2,1,0],[0,0],[3]]","19","0","","","","","","5"
"","","","","","single-stim-button","730","3761153","0.0-4.0-68.6-0.6","60d9faa609c8dcb9e5e05481","F1","batch6","tol_tohand","7757","","","","","","","","","","","","","","tol_peg_3","7757","7757","0","[[0,0,0],[2,3],[0]]","7","[[2,1,0],[0,0],[3]]","19","0","","","","","","5"
"","","","","","single-stim-button","731","3762264","0.0-4.0-68.6-1.6","60d9faa609c8dcb9e5e05481","F1","batch6","tol_toboard","1108","","","","","","","","","","","","","","tol_peg_1","1108","1108","0","[[1,0,0],[2,3],[0]]","7","[[2,1,0],[0,0],[3]]","19","0","","","","","","5"
"","","","","","single-stim-button","732","3763141","0.0-4.0-68.7-0.7","60d9faa609c8dcb9e5e05481","F1","batch6","tol_tohand","876","","","","","","","","","","","","","","tol_peg_2","876","876","0","[[1,0,0],[2,0],[0]]","8","[[2,1,0],[0,0],[3]]","19","0","","","","","","5"
"","","","","","single-stim-button","733","3763905","0.0-4.0-68.7-1.7","60d9faa609c8dcb9e5e05481","F1","batch6","tol_toboard","763","","","","","","","","","","","","","","tol_peg_3","763","763","0","[[1,0,0],[2,0],[3]]","8","[[2,1,0],[0,0],[3]]","19","0","","","","","","5"
"","","","","","single-stim-button","734","3766863","0.0-4.0-68.8-0.8","60d9faa609c8dcb9e5e05481","F1","batch6","tol_tohand","2957","","","","","","","","","","","","","","tol_peg_1","2957","2957","0","[[0,0,0],[2,0],[3]]","9","[[2,1,0],[0,0],[3]]","19","0","","","","","","5"
"","","","","","single-stim-button","735","3769099","0.0-4.0-68.8-1.8","60d9faa609c8dcb9e5e05481","F1","batch6","tol_toboard","2235","","","","","","","","","","","","","","tol_peg_1","2235","2235","0","[[1,0,0],[2,0],[3]]","9","[[2,1,0],[0,0],[3]]","19","0","","","","","","5"
"","","","","","single-stim-button","736","3770055","0.0-4.0-68.9-0.9","60d9faa609c8dcb9e5e05481","F1","batch6","tol_tohand","955","","","","","","","","","","","","","","tol_peg_3","955","955","0","[[1,0,0],[2,0],[0]]","10","[[2,1,0],[0,0],[3]]","19","0","","","","","","5"
"","","","","","single-stim-button","737","3773121","0.0-4.0-68.9-1.9","60d9faa609c8dcb9e5e05481","F1","batch6","tol_toboard","3065","","","","","","","","","","","","","","tol_peg_2","3065","3065","0","[[1,0,0],[2,3],[0]]","10","[[2,1,0],[0,0],[3]]","19","0","","","","","","5"
"","","","","","single-stim-button","738","3775421","0.0-4.0-68.10-0.10","60d9faa609c8dcb9e5e05481","F1","batch6","tol_tohand","2299","","","","","","","","","","","","","","tol_peg_1","2299","2299","0","[[0,0,0],[2,3],[0]]","11","[[2,1,0],[0,0],[3]]","19","0","","","","","","5"
"","","","","","single-stim-button","739","3776481","0.0-4.0-68.10-1.10","60d9faa609c8dcb9e5e05481","F1","batch6","tol_toboard","1060","","","","","","","","","","","","","","tol_peg_3","1060","1060","0","[[0,0,0],[2,3],[1]]","11","[[2,1,0],[0,0],[3]]","19","0","","","","","","5"
"","","","","","single-stim-button","740","3778070","0.0-4.0-68.11-0.11","60d9faa609c8dcb9e5e05481","F1","batch6","tol_tohand","1587","","","","","","","","","","","","","","tol_peg_2","1587","1587","0","[[0,0,0],[2,0],[1]]","12","[[2,1,0],[0,0],[3]]","19","0","","","","","","5"
"","","","","","single-stim-button","741","3779107","0.0-4.0-68.11-1.11","60d9faa609c8dcb9e5e05481","F1","batch6","tol_toboard","1037","","","","","","","","","","","","","","tol_peg_1","1037","1037","0","[[3,0,0],[2,0],[1]]","12","[[2,1,0],[0,0],[3]]","19","0","","","","","","5"
"","","","","","single-stim-button","742","3780079","0.0-4.0-68.12-0.12","60d9faa609c8dcb9e5e05481","F1","batch6","tol_tohand","971","","","","","","","","","","","","","","tol_peg_2","971","971","0","[[3,0,0],[0,0],[1]]","13","[[2,1,0],[0,0],[3]]","19","0","","","","","","5"
"","","","","","single-stim-button","743","3780889","0.0-4.0-68.12-1.12","60d9faa609c8dcb9e5e05481","F1","batch6","tol_toboard","809","","","","","","","","","","","","","","tol_peg_1","809","809","0","[[3,2,0],[0,0],[1]]","13","[[2,1,0],[0,0],[3]]","19","0","","","","","","5"
"","","","","","single-stim-button","744","3783213","0.0-4.0-68.13-0.13","60d9faa609c8dcb9e5e05481","F1","batch6","tol_tohand","2323","","","","","","","","","","","","","","tol_peg_3","2323","2323","0","[[3,2,0],[0,0],[0]]","14","[[2,1,0],[0,0],[3]]","19","0","","","","","","5"
"","","","","","single-stim-button","745","3784123","0.0-4.0-68.13-1.13","60d9faa609c8dcb9e5e05481","F1","batch6","tol_toboard","909","","","","","","","","","","","","","","tol_peg_2","909","909","0","[[3,2,0],[1,0],[0]]","14","[[2,1,0],[0,0],[3]]","19","0","","","","","","5"
"","","","","","single-stim-button","746","3785663","0.0-4.0-68.14-0.14","60d9faa609c8dcb9e5e05481","F1","batch6","tol_tohand","1539","","","","","","","","","","","","","","tol_peg_1","1539","1539","0","[[3,0,0],[1,0],[0]]","15","[[2,1,0],[0,0],[3]]","19","0","","","","","","5"
"","","","","","single-stim-button","747","3786429","0.0-4.0-68.14-1.14","60d9faa609c8dcb9e5e05481","F1","batch6","tol_toboard","765","","","","","","","","","","","","","","tol_peg_2","765","765","0","[[3,0,0],[1,2],[0]]","15","[[2,1,0],[0,0],[3]]","19","0","","","","","","5"
"","","","","","single-stim-button","748","3787899","0.0-4.0-68.15-0.15","60d9faa609c8dcb9e5e05481","F1","batch6","tol_tohand","1469","","","","","","","","","","","","","","tol_peg_1","1469","1469","0","[[0,0,0],[1,2],[0]]","16","[[2,1,0],[0,0],[3]]","19","0","","","","","","5"
"","","","","","single-stim-button","749","3789241","0.0-4.0-68.15-1.15","60d9faa609c8dcb9e5e05481","F1","batch6","tol_toboard","1342","","","","","","","","","","","","","","tol_peg_3","1342","1342","0","[[0,0,0],[1,2],[3]]","16","[[2,1,0],[0,0],[3]]","19","0","","","","","","5"
"","","","","","single-stim-button","750","3790831","0.0-4.0-68.16-0.16","60d9faa609c8dcb9e5e05481","F1","batch6","tol_tohand","1589","","","","","","","","","","","","","","tol_peg_2","1589","1589","0","[[0,0,0],[1,0],[3]]","17","[[2,1,0],[0,0],[3]]","19","0","","","","","","5"
"","","","","","single-stim-button","751","3791649","0.0-4.0-68.16-1.16","60d9faa609c8dcb9e5e05481","F1","batch6","tol_toboard","817","","","","","","","","","","","","","","tol_peg_1","817","817","0","[[2,0,0],[1,0],[3]]","17","[[2,1,0],[0,0],[3]]","19","0","","","","","","5"
"","","","","","single-stim-button","752","3792359","0.0-4.0-68.17-0.17","60d9faa609c8dcb9e5e05481","F1","batch6","tol_tohand","709","","","","","","","","","","","","","","tol_peg_2","709","709","0","[[2,0,0],[0,0],[3]]","18","[[2,1,0],[0,0],[3]]","19","0","","","","","","5"
"","","","","","single-stim-button","753","3792987","0.0-4.0-68.17-1.17","60d9faa609c8dcb9e5e05481","F1","batch6","tol_toboard","627","","","","","","","","","","","","","","tol_peg_1","627","627","0","[[2,1,0],[0,0],[3]]","18","[[2,1,0],[0,0],[3]]","19","0","","","","","","5"
"","","","","","poldrack-single-stim","754","3793989","0.0-4.0-69.0","60d9faa609c8dcb9e5e05481","F1","batch6","tol_feedback","-1","","","","","true","","","","","","","","","","1000","1000","500","","","","","","-1","none","true","5711","39336",""
"","","","","","html-button-response","755","3795385","0.0-4.0-70.0","60d9faa609c8dcb9e5e05481","F1","batch6","tol_trial_num","1395.5","<div class = centerbox><p class = center-block-text>problem <strong>21</strong> out of 25 problems</p></div>","0","","","","","","","","","","","","","","","","","","","","","","","","","",""
"","","","","","single-stim-button","756","3800343","0.0-4.0-71.0-0.0","60d9faa609c8dcb9e5e05481","F1","batch6","tol_tohand","4957","","","","","","","","","","","","","","tol_peg_1","4957","4957","0","[[1,0,0],[3,0],[0]]","1","[[3,2,0],[0,0],[1]]","20","0","","","","","","6"
"","","","","","single-stim-button","757","3801331","0.0-4.0-71.0-1.0","60d9faa609c8dcb9e5e05481","F1","batch6","tol_toboard","987","","","","","","","","","","","","","","tol_peg_2","987","987","0","[[1,0,0],[3,2],[0]]","1","[[3,2,0],[0,0],[1]]","20","0","","","","","","6"
"","","","","","single-stim-button","758","3803169","0.0-4.0-71.1-0.1","60d9faa609c8dcb9e5e05481","F1","batch6","tol_tohand","1837","","","","","","","","","","","","","","tol_peg_1","1837","1837","0","[[0,0,0],[3,2],[0]]","2","[[3,2,0],[0,0],[1]]","20","0","","","","","","6"
"","","","","","single-stim-button","759","3804611","0.0-4.0-71.1-1.1","60d9faa609c8dcb9e5e05481","F1","batch6","tol_toboard","1441","","","","","","","","","","","","","","tol_peg_3","1441","1441","0","[[0,0,0],[3,2],[1]]","2","[[3,2,0],[0,0],[1]]","20","0","","","","","","6"
"","","","","","single-stim-button","760","3808983","0.0-4.0-71.2-0.2","60d9faa609c8dcb9e5e05481","F1","batch6","tol_tohand","4371","","","","","","","","","","","","","","tol_peg_2","4371","4371","0","[[0,0,0],[3,0],[1]]","3","[[3,2,0],[0,0],[1]]","20","0","","","","","","6"
"","","","","","single-stim-button","761","3809659","0.0-4.0-71.2-1.2","60d9faa609c8dcb9e5e05481","F1","batch6","tol_toboard","675","","","","","","","","","","","","","","tol_peg_1","675","675","0","[[2,0,0],[3,0],[1]]","3","[[3,2,0],[0,0],[1]]","20","0","","","","","","6"
"","","","","","single-stim-button","762","3810329","0.0-4.0-71.3-0.3","60d9faa609c8dcb9e5e05481","F1","batch6","tol_tohand","669","","","","","","","","","","","","","","tol_peg_2","669","669","0","[[2,0,0],[0,0],[1]]","4","[[3,2,0],[0,0],[1]]","20","0","","","","","","6"
"","","","","","single-stim-button","763","3811033","0.0-4.0-71.3-1.3","60d9faa609c8dcb9e5e05481","F1","batch6","tol_toboard","703","","","","","","","","","","","","","","tol_peg_1","703","703","0","[[2,3,0],[0,0],[1]]","4","[[3,2,0],[0,0],[1]]","20","0","","","","","","6"
"","","","","","single-stim-button","764","3812061","0.0-4.0-71.4-0.4","60d9faa609c8dcb9e5e05481","F1","batch6","tol_tohand","1027","","","","","","","","","","","","","","tol_peg_3","1027","1027","0","[[2,3,0],[0,0],[0]]","5","[[3,2,0],[0,0],[1]]","20","0","","","","","","6"
"","","","","","single-stim-button","765","3813051","0.0-4.0-71.4-1.4","60d9faa609c8dcb9e5e05481","F1","batch6","tol_toboard","989","","","","","","","","","","","","","","tol_peg_2","989","989","0","[[2,3,0],[1,0],[0]]","5","[[3,2,0],[0,0],[1]]","20","0","","","","","","6"
"","","","","","single-stim-button","766","3819655","0.0-4.0-71.5-0.5","60d9faa609c8dcb9e5e05481","F1","batch6","tol_tohand","6603","","","","","","","","","","","","","","tol_peg_2","6603","6603","0","[[2,3,0],[0,0],[0]]","6","[[3,2,0],[0,0],[1]]","20","0","","","","","","6"
"","","","","","single-stim-button","767","3822339","0.0-4.0-71.5-1.5","60d9faa609c8dcb9e5e05481","F1","batch6","tol_toboard","2683","","","","","","","","","","","","","","tol_peg_2","2683","2683","0","[[2,3,0],[1,0],[0]]","6","[[3,2,0],[0,0],[1]]","20","0","","","","","","6"
"","","","","","single-stim-button","768","3823063","0.0-4.0-71.6-0.6","60d9faa609c8dcb9e5e05481","F1","batch6","tol_tohand","723","","","","","","","","","","","","","","tol_peg_1","723","723","0","[[2,0,0],[1,0],[0]]","7","[[3,2,0],[0,0],[1]]","20","0","","","","","","6"
"","","","","","single-stim-button","769","3824517","0.0-4.0-71.6-1.6","60d9faa609c8dcb9e5e05481","F1","batch6","tol_toboard","1453","","","","","","","","","","","","","","tol_peg_2","1453","1453","0","[[2,0,0],[1,3],[0]]","7","[[3,2,0],[0,0],[1]]","20","0","","","","","","6"
"","","","","","single-stim-button","770","3826701","0.0-4.0-71.7-0.7","60d9faa609c8dcb9e5e05481","F1","batch6","tol_tohand","2184","","","","","","","","","","","","","","tol_peg_1","2184","2184","0","[[0,0,0],[1,3],[0]]","8","[[3,2,0],[0,0],[1]]","20","0","","","","","","6"
"","","","","","single-stim-button","771","3827567","0.0-4.0-71.7-1.7","60d9faa609c8dcb9e5e05481","F1","batch6","tol_toboard","865","","","","","","","","","","","","","","tol_peg_3","865","865","0","[[0,0,0],[1,3],[2]]","8","[[3,2,0],[0,0],[1]]","20","0","","","","","","6"
"","","","","","single-stim-button","772","3829055","0.0-4.0-71.8-0.8","60d9faa609c8dcb9e5e05481","F1","batch6","tol_tohand","1487","","","","","","","","","","","","","","tol_peg_2","1487","1487","0","[[0,0,0],[1,0],[2]]","9","[[3,2,0],[0,0],[1]]","20","0","","","","","","6"
"","","","","","single-stim-button","773","3829793","0.0-4.0-71.8-1.8","60d9faa609c8dcb9e5e05481","F1","batch6","tol_toboard","737","","","","","","","","","","","","","","tol_peg_1","737","737","0","[[3,0,0],[1,0],[2]]","9","[[3,2,0],[0,0],[1]]","20","0","","","","","","6"
"","","","","","single-stim-button","774","3830759","0.0-4.0-71.9-0.9","60d9faa609c8dcb9e5e05481","F1","batch6","tol_tohand","965","","","","","","","","","","","","","","tol_peg_3","965","965","0","[[3,0,0],[1,0],[0]]","10","[[3,2,0],[0,0],[1]]","20","0","","","","","","6"
"","","","","","single-stim-button","775","3831641","0.0-4.0-71.9-1.9","60d9faa609c8dcb9e5e05481","F1","batch6","tol_toboard","881","","","","","","","","","","","","","","tol_peg_1","881","881","0","[[3,2,0],[1,0],[0]]","10","[[3,2,0],[0,0],[1]]","20","0","","","","","","6"
"","","","","","single-stim-button","776","3832589","0.0-4.0-71.10-0.10","60d9faa609c8dcb9e5e05481","F1","batch6","tol_tohand","947","","","","","","","","","","","","","","tol_peg_2","947","947","0","[[3,2,0],[0,0],[0]]","11","[[3,2,0],[0,0],[1]]","20","0","","","","","","6"
"","","","","","single-stim-button","777","3833423","0.0-4.0-71.10-1.10","60d9faa609c8dcb9e5e05481","F1","batch6","tol_toboard","833","","","","","","","","","","","","","","tol_peg_3","833","833","0","[[3,2,0],[0,0],[1]]","11","[[3,2,0],[0,0],[1]]","20","0","","","","","","6"
"","","","","","poldrack-single-stim","778","3834432","0.0-4.0-72.0","60d9faa609c8dcb9e5e05481","F1","batch6","tol_feedback","-1","","","","","true","","","","","","","","","","1000","1000","500","","","","","","-1","none","true","4957","25770",""
"","","","","","html-button-response","779","3835775","0.0-4.0-73.0","60d9faa609c8dcb9e5e05481","F1","batch6","tol_trial_num","1342.5","<div class = centerbox><p class = center-block-text>problem <strong>22</strong> out of 25 problems</p></div>","0","","","","","","","","","","","","","","","","","","","","","","","","","",""
"","","","","","single-stim-button","780","3839715","0.0-4.0-74.0-0.0","60d9faa609c8dcb9e5e05481","F1","batch6","tol_tohand","3939","","","","","","","","","","","","","","tol_peg_2","3939","3939","0","[[1,0,0],[2,0],[0]]","1","[[0,0,0],[1,2],[3]]","21","0","","","","","","6"
"","","","","","single-stim-button","781","3840525","0.0-4.0-74.0-1.0","60d9faa609c8dcb9e5e05481","F1","batch6","tol_toboard","809","","","","","","","","","","","","","","tol_peg_3","809","809","0","[[1,0,0],[2,0],[3]]","1","[[0,0,0],[1,2],[3]]","21","0","","","","","","6"
"","","","","","single-stim-button","782","3842769","0.0-4.0-74.1-0.1","60d9faa609c8dcb9e5e05481","F1","batch6","tol_tohand","2243","","","","","","","","","","","","","","tol_peg_1","2243","2243","0","[[0,0,0],[2,0],[3]]","2","[[0,0,0],[1,2],[3]]","21","0","","","","","","6"
"","","","","","single-stim-button","783","3843945","0.0-4.0-74.1-1.1","60d9faa609c8dcb9e5e05481","F1","batch6","tol_toboard","1175","","","","","","","","","","","","","","tol_peg_2","1175","1175","0","[[0,0,0],[2,1],[3]]","2","[[0,0,0],[1,2],[3]]","21","0","","","","","","6"
"","","","","","single-stim-button","784","3846089","0.0-4.0-74.2-0.2","60d9faa609c8dcb9e5e05481","F1","batch6","tol_tohand","2143","","","","","","","","","","","","","","tol_peg_3","2143","2143","0","[[0,0,0],[2,1],[0]]","3","[[0,0,0],[1,2],[3]]","21","0","","","","","","6"
"","","","","","single-stim-button","785","3847253","0.0-4.0-74.2-1.2","60d9faa609c8dcb9e5e05481","F1","batch6","tol_toboard","1163","","","","","","","","","","","","","","tol_peg_1","1163","1163","0","[[3,0,0],[2,1],[0]]","3","[[0,0,0],[1,2],[3]]","21","0","","","","","","6"
"","","","","","single-stim-button","786","3849095","0.0-4.0-74.3-0.3","60d9faa609c8dcb9e5e05481","F1","batch6","tol_tohand","1841","","","","","","","","","","","","","","tol_peg_2","1841","1841","0","[[3,0,0],[2,0],[0]]","4","[[0,0,0],[1,2],[3]]","21","0","","","","","","6"
"","","","","","single-stim-button","787","3849727","0.0-4.0-74.3-1.3","60d9faa609c8dcb9e5e05481","F1","batch6","tol_toboard","631","","","","","","","","","","","","","","tol_peg_1","631","631","0","[[3,1,0],[2,0],[0]]","4","[[0,0,0],[1,2],[3]]","21","0","","","","","","6"
"","","","","","single-stim-button","788","3850421","0.0-4.0-74.4-0.4","60d9faa609c8dcb9e5e05481","F1","batch6","tol_tohand","693","","","","","","","","","","","","","","tol_peg_2","693","693","0","[[3,1,0],[0,0],[0]]","5","[[0,0,0],[1,2],[3]]","21","0","","","","","","6"
"","","","","","single-stim-button","789","3851347","0.0-4.0-74.4-1.4","60d9faa609c8dcb9e5e05481","F1","batch6","tol_toboard","925","","","","","","","","","","","","","","tol_peg_1","925","925","0","[[3,1,2],[0,0],[0]]","5","[[0,0,0],[1,2],[3]]","21","0","","","","","","6"
"","","","","","single-stim-button","790","3854285","0.0-4.0-74.5-0.5","60d9faa609c8dcb9e5e05481","F1","batch6","tol_tohand","2937","","","","","","","","","","","","","","tol_peg_1","2937","2937","0","[[3,1,0],[0,0],[0]]","6","[[0,0,0],[1,2],[3]]","21","0","","","","","","6"
"","","","","","single-stim-button","791","3855311","0.0-4.0-74.5-1.5","60d9faa609c8dcb9e5e05481","F1","batch6","tol_toboard","1025","","","","","","","","","","","","","","tol_peg_3","1025","1025","0","[[3,1,0],[0,0],[2]]","6","[[0,0,0],[1,2],[3]]","21","0","","","","","","6"
"","","","","","single-stim-button","792","3857065","0.0-4.0-74.6-0.6","60d9faa609c8dcb9e5e05481","F1","batch6","tol_tohand","1753","","","","","","","","","","","","","","tol_peg_1","1753","1753","0","[[3,0,0],[0,0],[2]]","7","[[0,0,0],[1,2],[3]]","21","0","","","","","","6"
"","","","","","single-stim-button","793","3857891","0.0-4.0-74.6-1.6","60d9faa609c8dcb9e5e05481","F1","batch6","tol_toboard","825","","","","","","","","","","","","","","tol_peg_2","825","825","0","[[3,0,0],[1,0],[2]]","7","[[0,0,0],[1,2],[3]]","21","0","","","","","","6"
"","","","","","single-stim-button","794","3861681","0.0-4.0-74.7-0.7","60d9faa609c8dcb9e5e05481","F1","batch6","tol_tohand","3789","","","","","","","","","","","","","","tol_peg_1","3789","3789","0","[[0,0,0],[1,0],[2]]","8","[[0,0,0],[1,2],[3]]","21","0","","","","","","6"
"","","","","","single-stim-button","795","3862531","0.0-4.0-74.7-1.7","60d9faa609c8dcb9e5e05481","F1","batch6","tol_toboard","849","","","","","","","","","","","","","","tol_peg_2","849","849","0","[[0,0,0],[1,3],[2]]","8","[[0,0,0],[1,2],[3]]","21","0","","","","","","6"
"","","","","","single-stim-button","796","3865941","0.0-4.0-74.8-0.8","60d9faa609c8dcb9e5e05481","F1","batch6","tol_tohand","3409","","","","","","","","","","","","","","tol_peg_3","3409","3409","0","[[0,0,0],[1,3],[0]]","9","[[0,0,0],[1,2],[3]]","21","0","","","","","","6"
"","","","","","single-stim-button","797","3867480","0.0-4.0-74.8-1.8","60d9faa609c8dcb9e5e05481","F1","batch6","tol_toboard","1538","","","","","","","","","","","","","","tol_peg_1","1538","1538","0","[[2,0,0],[1,3],[0]]","9","[[0,0,0],[1,2],[3]]","21","0","","","","","","6"
"","","","","","single-stim-button","798","3868696","0.0-4.0-74.9-0.9","60d9faa609c8dcb9e5e05481","F1","batch6","tol_tohand","1216","","","","","","","","","","","","","","tol_peg_2","1216","1216","0","[[2,0,0],[1,0],[0]]","10","[[0,0,0],[1,2],[3]]","21","0","","","","","","6"
"","","","","","single-stim-button","799","3869882","0.0-4.0-74.9-1.9","60d9faa609c8dcb9e5e05481","F1","batch6","tol_toboard","1186","","","","","","","","","","","","","","tol_peg_3","1186","1186","0","[[2,0,0],[1,0],[3]]","10","[[0,0,0],[1,2],[3]]","21","0","","","","","","6"
"","","","","","single-stim-button","800","3872328","0.0-4.0-74.10-0.10","60d9faa609c8dcb9e5e05481","F1","batch6","tol_tohand","2446","","","","","","","","","","","","","","tol_peg_1","2446","2446","0","[[0,0,0],[1,0],[3]]","11","[[0,0,0],[1,2],[3]]","21","0","","","","","","6"
"","","","","","single-stim-button","801","3874068","0.0-4.0-74.10-1.10","60d9faa609c8dcb9e5e05481","F1","batch6","tol_toboard","1740","","","","","","","","","","","","","","tol_peg_2","1740","1740","0","[[0,0,0],[1,2],[3]]","11","[[0,0,0],[1,2],[3]]","21","0","","","","","","6"
"","","","","","poldrack-single-stim","802","3875070","0.0-4.0-75.0","60d9faa609c8dcb9e5e05481","F1","batch6","tol_feedback","-1","","","","","true","","","","","","","","","","1000","1000","500","","","","","","-1","none","true","3939","26409",""
"","","","","","html-button-response","803","3882552","0.0-4.0-76.0","60d9faa609c8dcb9e5e05481","F1","batch6","tol_trial_num","7480.600000023842","<div class = centerbox><p class = center-block-text>problem <strong>23</strong> out of 25 problems</p></div>","0","","","","","","","","","","","","","","","","","","","","","","","","","",""
"","","","","","single-stim-button","804","3887616","0.0-4.0-77.0-0.0","60d9faa609c8dcb9e5e05481","F1","batch6","tol_tohand","5064","","","","","","","","","","","","","","tol_peg_2","5064","5064","0","[[1,2,0],[0,0],[0]]","1","[[1,3,2],[0,0],[0]]","22","0","","","","","","3"
"","","","","","single-stim-button","805","3888766","0.0-4.0-77.0-1.0","60d9faa609c8dcb9e5e05481","F1","batch6","tol_toboard","1150","","","","","","","","","","","","","","tol_peg_3","1150","1150","0","[[1,2,0],[0,0],[3]]","1","[[1,3,2],[0,0],[0]]","22","0","","","","","","3"
"","","","","","single-stim-button","806","3890030","0.0-4.0-77.1-0.1","60d9faa609c8dcb9e5e05481","F1","batch6","tol_tohand","1264","","","","","","","","","","","","","","tol_peg_1","1264","1264","0","[[1,0,0],[0,0],[3]]","2","[[1,3,2],[0,0],[0]]","22","0","","","","","","3"
"","","","","","single-stim-button","807","3891364","0.0-4.0-77.1-1.1","60d9faa609c8dcb9e5e05481","F1","batch6","tol_toboard","1334","","","","","","","","","","","","","","tol_peg_2","1334","1334","0","[[1,0,0],[2,0],[3]]","2","[[1,3,2],[0,0],[0]]","22","0","","","","","","3"
"","","","","","single-stim-button","808","3892190","0.0-4.0-77.2-0.2","60d9faa609c8dcb9e5e05481","F1","batch6","tol_tohand","826","","","","","","","","","","","","","","tol_peg_3","826","826","0","[[1,0,0],[2,0],[0]]","3","[[1,3,2],[0,0],[0]]","22","0","","","","","","3"
"","","","","","single-stim-button","809","3892984","0.0-4.0-77.2-1.2","60d9faa609c8dcb9e5e05481","F1","batch6","tol_toboard","793","","","","","","","","","","","","","","tol_peg_1","793","793","0","[[1,3,0],[2,0],[0]]","3","[[1,3,2],[0,0],[0]]","22","0","","","","","","3"
"","","","","","single-stim-button","810","3893830","0.0-4.0-77.3-0.3","60d9faa609c8dcb9e5e05481","F1","batch6","tol_tohand","846","","","","","","","","","","","","","","tol_peg_2","846","846","0","[[1,3,0],[0,0],[0]]","4","[[1,3,2],[0,0],[0]]","22","0","","","","","","3"
"","","","","","single-stim-button","811","3894600","0.0-4.0-77.3-1.3","60d9faa609c8dcb9e5e05481","F1","batch6","tol_toboard","770","","","","","","","","","","","","","","tol_peg_1","770","770","0","[[1,3,2],[0,0],[0]]","4","[[1,3,2],[0,0],[0]]","22","0","","","","","","3"
"","","","","","poldrack-single-stim","812","3895601","0.0-4.0-78.0","60d9faa609c8dcb9e5e05481","F1","batch6","tol_feedback","-1","","","","","true","","","","","","","","","","1000","1000","500","","","","","","-1","none","true","5064","8000",""
"","","","","","html-button-response","813","3899080","0.0-4.0-79.0","60d9faa609c8dcb9e5e05481","F1","batch6","tol_trial_num","3477.4000000953674","<div class = centerbox><p class = center-block-text>problem <strong>24</strong> out of 25 problems</p></div>","0","","","","","","","","","","","","","","","","","","","","","","","","","",""
"","","","","","single-stim-button","814","3906088","0.0-4.0-80.0-0.0","60d9faa609c8dcb9e5e05481","F1","batch6","tol_tohand","7008","","","","","","","","","","","","","","tol_peg_3","7008","7008","0","[[0,0,0],[2,3],[0]]","1","[[2,0,0],[3,0],[1]]","23","0","","","","","","7"
"","","","","","single-stim-button","815","3908218","0.0-4.0-80.0-1.0","60d9faa609c8dcb9e5e05481","F1","batch6","tol_toboard","2130","","","","","","","","","","","","","","tol_peg_1","2130","2130","0","[[1,0,0],[2,3],[0]]","1","[[2,0,0],[3,0],[1]]","23","0","","","","","","7"
"","","","","","single-stim-button","816","3909214","0.0-4.0-80.1-0.1","60d9faa609c8dcb9e5e05481","F1","batch6","tol_tohand","996","","","","","","","","","","","","","","tol_peg_2","996","996","0","[[1,0,0],[2,0],[0]]","2","[[2,0,0],[3,0],[1]]","23","0","","","","","","7"
"","","","","","single-stim-button","817","3910124","0.0-4.0-80.1-1.1","60d9faa609c8dcb9e5e05481","F1","batch6","tol_toboard","909","","","","","","","","","","","","","","tol_peg_3","909","909","0","[[1,0,0],[2,0],[3]]","2","[[2,0,0],[3,0],[1]]","23","0","","","","","","7"
"","","","","","single-stim-button","818","3915180","0.0-4.0-80.2-0.2","60d9faa609c8dcb9e5e05481","F1","batch6","tol_tohand","5056","","","","","","","","","","","","","","tol_peg_2","5056","5056","0","[[1,0,0],[0,0],[3]]","3","[[2,0,0],[3,0],[1]]","23","0","","","","","","7"
"","","","","","single-stim-button","819","3915978","0.0-4.0-80.2-1.2","60d9faa609c8dcb9e5e05481","F1","batch6","tol_toboard","798","","","","","","","","","","","","","","tol_peg_1","798","798","0","[[1,2,0],[0,0],[3]]","3","[[2,0,0],[3,0],[1]]","23","0","","","","","","7"
"","","","","","single-stim-button","820","3916888","0.0-4.0-80.3-0.3","60d9faa609c8dcb9e5e05481","F1","batch6","tol_tohand","910","","","","","","","","","","","","","","tol_peg_3","910","910","0","[[1,2,0],[0,0],[0]]","4","[[2,0,0],[3,0],[1]]","23","0","","","","","","7"
"","","","","","single-stim-button","821","3918024","0.0-4.0-80.3-1.3","60d9faa609c8dcb9e5e05481","F1","batch6","tol_toboard","1136","","","","","","","","","","","","","","tol_peg_2","1136","1136","0","[[1,2,0],[3,0],[0]]","4","[[2,0,0],[3,0],[1]]","23","0","","","","","","7"
"","","","","","single-stim-button","822","3919992","0.0-4.0-80.4-0.4","60d9faa609c8dcb9e5e05481","F1","batch6","tol_tohand","1968","","","","","","","","","","","","","","tol_peg_1","1968","1968","0","[[1,0,0],[3,0],[0]]","5","[[2,0,0],[3,0],[1]]","23","0","","","","","","7"
"","","","","","single-stim-button","823","3921124","0.0-4.0-80.4-1.4","60d9faa609c8dcb9e5e05481","F1","batch6","tol_toboard","1132","","","","","","","","","","","","","","tol_peg_3","1132","1132","0","[[1,0,0],[3,0],[2]]","5","[[2,0,0],[3,0],[1]]","23","0","","","","","","7"
"","","","","","single-stim-button","824","3921764","0.0-4.0-80.5-0.5","60d9faa609c8dcb9e5e05481","F1","batch6","tol_tohand","640","","","","","","","","","","","","","","tol_peg_1","640","640","0","[[0,0,0],[3,0],[2]]","6","[[2,0,0],[3,0],[1]]","23","0","","","","","","7"
"","","","","","single-stim-button","825","3922586","0.0-4.0-80.5-1.5","60d9faa609c8dcb9e5e05481","F1","batch6","tol_toboard","822","","","","","","","","","","","","","","tol_peg_2","822","822","0","[[0,0,0],[3,1],[2]]","6","[[2,0,0],[3,0],[1]]","23","0","","","","","","7"
"","","","","","single-stim-button","826","3923254","0.0-4.0-80.6-0.6","60d9faa609c8dcb9e5e05481","F1","batch6","tol_tohand","668","","","","","","","","","","","","","","tol_peg_3","668","668","0","[[0,0,0],[3,1],[0]]","7","[[2,0,0],[3,0],[1]]","23","0","","","","","","7"
"","","","","","single-stim-button","827","3924230","0.0-4.0-80.6-1.6","60d9faa609c8dcb9e5e05481","F1","batch6","tol_toboard","975","","","","","","","","","","","","","","tol_peg_1","975","975","0","[[2,0,0],[3,1],[0]]","7","[[2,0,0],[3,0],[1]]","23","0","","","","","","7"
"","","","","","single-stim-button","828","3924972","0.0-4.0-80.7-0.7","60d9faa609c8dcb9e5e05481","F1","batch6","tol_tohand","742","","","","","","","","","","","","","","tol_peg_2","742","742","0","[[2,0,0],[3,0],[0]]","8","[[2,0,0],[3,0],[1]]","23","0","","","","","","7"
"","","","","","single-stim-button","829","3926124","0.0-4.0-80.7-1.7","60d9faa609c8dcb9e5e05481","F1","batch6","tol_toboard","1152","","","","","","","","","","","","","","tol_peg_3","1152","1152","0","[[2,0,0],[3,0],[1]]","8","[[2,0,0],[3,0],[1]]","23","0","","","","","","7"
"","","","","","poldrack-single-stim","830","3927126","0.0-4.0-81.0","60d9faa609c8dcb9e5e05481","F1","batch6","tol_feedback","-1","","","","","true","","","","","","","","","","1000","1000","500","","","","","","-1","none","true","7008","17988",""
"","","","","","html-button-response","831","3928742","0.0-4.0-82.0","60d9faa609c8dcb9e5e05481","F1","batch6","tol_trial_num","1614.6999999284744","<div class = centerbox><p class = center-block-text>problem <strong>25</strong> out of 25 problems</p></div>","0","","","","","","","","","","","","","","","","","","","","","","","","","",""
"","","","","","single-stim-button","832","3931466","0.0-4.0-83.0-0.0","60d9faa609c8dcb9e5e05481","F1","batch6","tol_tohand","2723","","","","","","","","","","","","","","tol_peg_1","2723","2723","0","[[1,0,0],[3,0],[0]]","1","[[3,0,0],[1,0],[2]]","24","0","","","","","","7"
"","","","","","single-stim-button","833","3933062","0.0-4.0-83.0-1.0","60d9faa609c8dcb9e5e05481","F1","batch6","tol_toboard","1595","","","","","","","","","","","","","","tol_peg_3","1595","1595","0","[[1,0,0],[3,0],[2]]","1","[[3,0,0],[1,0],[2]]","24","0","","","","","","7"
"","","","","","single-stim-button","834","3937208","0.0-4.0-83.1-0.1","60d9faa609c8dcb9e5e05481","F1","batch6","tol_tohand","4145","","","","","","","","","","","","","","tol_peg_1","4145","4145","0","[[0,0,0],[3,0],[2]]","2","[[3,0,0],[1,0],[2]]","24","0","","","","","","7"
"","","","","","single-stim-button","835","3937914","0.0-4.0-83.1-1.1","60d9faa609c8dcb9e5e05481","F1","batch6","tol_toboard","705","","","","","","","","","","","","","","tol_peg_2","705","705","0","[[0,0,0],[3,1],[2]]","2","[[3,0,0],[1,0],[2]]","24","0","","","","","","7"
"","","","","","single-stim-button","836","3940277","0.0-4.0-83.2-0.2","60d9faa609c8dcb9e5e05481","F1","batch6","tol_tohand","2363","","","","","","","","","","","","","","tol_peg_2","2363","2363","0","[[0,0,0],[3,0],[2]]","3","[[3,0,0],[1,0],[2]]","24","0","","","","","","7"
"","","","","","single-stim-button","837","3941112","0.0-4.0-83.2-1.2","60d9faa609c8dcb9e5e05481","F1","batch6","tol_toboard","833","","","","","","","","","","","","","","tol_peg_1","833","833","0","[[1,0,0],[3,0],[2]]","3","[[3,0,0],[1,0],[2]]","24","0","","","","","","7"
"","","","","","single-stim-button","838","3941858","0.0-4.0-83.3-0.3","60d9faa609c8dcb9e5e05481","F1","batch6","tol_tohand","746","","","","","","","","","","","","","","tol_peg_3","746","746","0","[[1,0,0],[3,0],[0]]","4","[[3,0,0],[1,0],[2]]","24","0","","","","","","7"
"","","","","","single-stim-button","839","3942561","0.0-4.0-83.3-1.3","60d9faa609c8dcb9e5e05481","F1","batch6","tol_toboard","703","","","","","","","","","","","","","","tol_peg_2","703","703","0","[[1,0,0],[3,2],[0]]","4","[[3,0,0],[1,0],[2]]","24","0","","","","","","7"
"","","","","","single-stim-button","840","3943503","0.0-4.0-83.4-0.4","60d9faa609c8dcb9e5e05481","F1","batch6","tol_tohand","941","","","","","","","","","","","","","","tol_peg_1","941","941","0","[[0,0,0],[3,2],[0]]","5","[[3,0,0],[1,0],[2]]","24","0","","","","","","7"
"","","","","","single-stim-button","841","3944790","0.0-4.0-83.4-1.4","60d9faa609c8dcb9e5e05481","F1","batch6","tol_toboard","1285","","","","","","","","","","","","","","tol_peg_3","1285","1285","0","[[0,0,0],[3,2],[1]]","5","[[3,0,0],[1,0],[2]]","24","0","","","","","","7"
"","","","","","single-stim-button","842","3946350","0.0-4.0-83.5-0.5","60d9faa609c8dcb9e5e05481","F1","batch6","tol_tohand","1559","","","","","","","","","","","","","","tol_peg_2","1559","1559","0","[[0,0,0],[3,0],[1]]","6","[[3,0,0],[1,0],[2]]","24","0","","","","","","7"
"","","","","","single-stim-button","843","3947140","0.0-4.0-83.5-1.5","60d9faa609c8dcb9e5e05481","F1","batch6","tol_toboard","789","","","","","","","","","","","","","","tol_peg_1","789","789","0","[[2,0,0],[3,0],[1]]","6","[[3,0,0],[1,0],[2]]","24","0","","","","","","7"
"","","","","","single-stim-button","844","3947929","0.0-4.0-83.6-0.6","60d9faa609c8dcb9e5e05481","F1","batch6","tol_tohand","789","","","","","","","","","","","","","","tol_peg_2","789","789","0","[[2,0,0],[0,0],[1]]","7","[[3,0,0],[1,0],[2]]","24","0","","","","","","7"
"","","","","","single-stim-button","845","3948852","0.0-4.0-83.6-1.6","60d9faa609c8dcb9e5e05481","F1","batch6","tol_toboard","921","","","","","","","","","","","","","","tol_peg_1","921","921","0","[[2,3,0],[0,0],[1]]","7","[[3,0,0],[1,0],[2]]","24","0","","","","","","7"
"","","","","","single-stim-button","846","3951982","0.0-4.0-83.7-0.7","60d9faa609c8dcb9e5e05481","F1","batch6","tol_tohand","3129","","","","","","","","","","","","","","tol_peg_3","3129","3129","0","[[2,3,0],[0,0],[0]]","8","[[3,0,0],[1,0],[2]]","24","0","","","","","","7"
"","","","","","single-stim-button","847","3952932","0.0-4.0-83.7-1.7","60d9faa609c8dcb9e5e05481","F1","batch6","tol_toboard","949","","","","","","","","","","","","","","tol_peg_2","949","949","0","[[2,3,0],[1,0],[0]]","8","[[3,0,0],[1,0],[2]]","24","0","","","","","","7"
"","","","","","single-stim-button","848","3953864","0.0-4.0-83.8-0.8","60d9faa609c8dcb9e5e05481","F1","batch6","tol_tohand","931","","","","","","","","","","","","","","tol_peg_1","931","931","0","[[2,0,0],[1,0],[0]]","9","[[3,0,0],[1,0],[2]]","24","0","","","","","","7"
"","","","","","single-stim-button","849","3954725","0.0-4.0-83.8-1.8","60d9faa609c8dcb9e5e05481","F1","batch6","tol_toboard","861","","","","","","","","","","","","","","tol_peg_2","861","861","0","[[2,0,0],[1,3],[0]]","9","[[3,0,0],[1,0],[2]]","24","0","","","","","","7"
"","","","","","single-stim-button","850","3956068","0.0-4.0-83.9-0.9","60d9faa609c8dcb9e5e05481","F1","batch6","tol_tohand","1342","","","","","","","","","","","","","","tol_peg_1","1342","1342","0","[[0,0,0],[1,3],[0]]","10","[[3,0,0],[1,0],[2]]","24","0","","","","","","7"
"","","","","","single-stim-button","851","3957405","0.0-4.0-83.9-1.9","60d9faa609c8dcb9e5e05481","F1","batch6","tol_toboard","1337","","","","","","","","","","","","","","tol_peg_3","1337","1337","0","[[0,0,0],[1,3],[2]]","10","[[3,0,0],[1,0],[2]]","24","0","","","","","","7"
"","","","","","single-stim-button","852","3958755","0.0-4.0-83.10-0.10","60d9faa609c8dcb9e5e05481","F1","batch6","tol_tohand","1349","","","","","","","","","","","","","","tol_peg_2","1349","1349","0","[[0,0,0],[1,0],[2]]","11","[[3,0,0],[1,0],[2]]","24","0","","","","","","7"
"","","","","","single-stim-button","853","3959614","0.0-4.0-83.10-1.10","60d9faa609c8dcb9e5e05481","F1","batch6","tol_toboard","858","","","","","","","","","","","","","","tol_peg_1","858","858","0","[[3,0,0],[1,0],[2]]","11","[[3,0,0],[1,0],[2]]","24","0","","","","","","7"
"","","","","","poldrack-single-stim","854","3960615","0.0-4.0-84.0","60d9faa609c8dcb9e5e05481","F1","batch6","tol_feedback","-1","","","","","true","","","","","","","","","","1000","1000","500","","","","","","-1","none","true","2723","20017",""
"","","","","","html-button-response","855","3964515","0.0-4.0-85.0","60d9faa609c8dcb9e5e05481","F1","batch6","tol-goodbye","3899.3000000715256","<p class= block-text>This concludes the Tower of London Task. Thank you for your responses!<br> Click the button below to continue</p>","0","","","","","","","","","","","","","","","","","","","","","","","","","",""
"","","","","","pavlovia","856","3966782","0.0-5.0","60d9faa609c8dcb9e5e05481","F1","batch6","","","","","","","","","","","","","","","","","","","","","","","","","","","","","",""
